# Speleothem Stable Isotope Data of the last 200,000 Years from the Black Sea Region
#-----------------------------------------------------------------------
#               World Data Service for Paleoclimatology, Boulder
#                                   and
#                      NOAA Paleoclimatology Program
#-----------------------------------------------------------------------
# Template Version 4.0
# Encoding: UTF-8
# NOTE: Please cite original publication, NOAA Landing Page URL, dataset and publication DOIs (where available), and date accessed when using downloaded data.
# If there is no publication information, please cite investigator, study title, NOAA Landing Page URL, and date accessed.
#
# Description/Documentation lines begin with '#' followed by a space
# Data lines have no '#'
#
# NOAA_Landing_Page: https://www.ncei.noaa.gov/access/paleo-search/study/39063
#   Landing_Page_Description: NOAA Landing Page of this file's parent study, which includes all study metadata.
#
# Study_Level_JSON_Metadata: https://www.ncei.noaa.gov/pub/data/metadata/published/paleo/json/noaa-cave-39063.json
#   Study_Level_JSON_Description: JSON metadata of this data file's parent study, which includes all study metadata.
#
# Data_Type: Speleothems
#
# Dataset_DOI: 10.25921/b84y-cm81
#
# Science_Keywords: Dansgaard-Oeschger cycles, Glacial, Interglacial, Heinrich Events, abrupt climate change, centennial resolution
#---------------------------------------
# Resource_Links
#
# Data_Download_Resource: https://www.ncei.noaa.gov/pub/data/paleo/speleothem/asia/turkey/held2024/held2024-so-4.txt
#   Data_Download_Description: NOAA Template File; So-4 d13C, d18O Data
#
#---------------------------------------
# Contribution_Date
#   Date: 2024-02-22
#---------------------------------------
# File_Last_Modified_Date
#   Date: 2025-02-05
#---------------------------------------
# Title
#   Study_Name: Speleothem Stable Isotope Data of the last 200,000 Years from the Black Sea Region
#---------------------------------------
# Investigators
#   Investigators: Held, Frederick (https://orcid.org/0009-0009-5101-9987)
#---------------------------------------
# Description_Notes_and_Keywords
#   Description: 
#---------------------------------------
# Publication
#   Authors: Held, F., Cheng, H., Edwards, R.L., Tüysüz, O., Koç, K., Fleitmann, D.
#   Published_Date_or_Year: 2024
#   Published_Title: Dansgaard-Oeschger cycles of the penultimate and last glacial period recorded in stalagmites from Türkiye
#   Journal_Name: Nature Communications
#   Volume: 15
#   Edition: 
#   Issue: 
#   Pages: 
#   Report_Number: 1183
#   DOI: 10.1038/s41467-024-45507-5
#   Online_Resource: 
#   Full_Citation: 
#   Abstract: The last glacial period is characterized by abrupt climate oscillations, also known as Dansgaard-Oeschger (D-O) cycles. However, D-O cycles remain poorly documented in climate proxy records covering the penultimate glacial period. Here we present highly resolved and precisely dated speleothem time series from Sofular Cave in northern Türkiye to provide clear evidence for D-O cycles during Marine Isotope Stage (MIS) 6 as well as MIS 2-4. D-O cycles are most clearly expressed in the Sofular carbon isotope time series, which correlate inversely with regional sea surface temperature (SST) records from the Black Sea. The pacing of D-O cycles is almost twice as long during MIS 6 compared to MIS 2-4, and could be related to a weaker Atlantic Meridional Overturning Circulation (AMOC) and a different mean climate during MIS 6 compared to MIS 2-4, leading most likely to a higher threshold for the occurrence of D-O cycles.
#---------------------------------------
# Funding_Agency
#   Funding_Agency_Name: Swiss National Science Foundation
#   Grant: PP002-110554/1
#---------------------------------------
# Funding_Agency
#   Funding_Agency_Name: US National Science Foundation
#   Grant: NSF 2202913
#---------------------------------------
# Funding_Agency
#   Funding_Agency_Name: National Natural Science Foundation of China
#   Grant: NSFC 41888101 and NSFC 42150710534
#---------------------------------------
# Funding_Agency
#   Funding_Agency_Name: Istanbul Technical University
#   Grant: ITU-BAP-332491
#---------------------------------------
# Funding_Agency
#   Funding_Agency_Name: Gary Comer Science and Education Foundation
#   Grant: CP41
#---------------------------------------
# Site_Information
#   Site_Name: Sofular Cave
#   Location: Turkey
#   Northernmost_Latitude: 41.427778
#   Southernmost_Latitude: 41.427778
#   Easternmost_Longitude: 31.950139
#   Westernmost_Longitude: 31.950139
#   Elevation_m: 410
#---------------------------------------
# Data_Collection
#   Collection_Name: So-4 d13C, d18O Held2024
#   First_Year: 205000
#   Last_Year: 53270
#   Time_Unit: calendar year before present
#   Core_Length_m: 
#   Parameter_Keywords: carbon isotopes, oxygen isotopes, age control, geochemistry
#   Notes: 
#---------------------------------------
# Chronology_Information 
#   Chronology: Uranium-Thorium
#   Chronology_Download_Resource: https://www.ncei.noaa.gov/pub/data/paleo/templates/noaa-wds-paleo-uth-terms.csv
#     Chronology_Download_Description: Uranium-Thorium terms and definitions.
#   Chronology_Notes: U-series dating (230Th) was performed on a multi-collector inductively coupled plasma mass spectrometer (MC-ICP-MS, Thermo-Finnigan-Neptune) at the Department of Geology and Geophysics, University of Minnesota and Institute of Global Environmental Change, Xi’an Jiaotong University. Further 230Th dating on stalagmites So-1 and So-2 was done on a Nu Instruments® MC-ICP-MS at the Geological Institute, University of Bern.
#   Rejection_Rationale:
#   238U_Decay_Constant:
#   234U_Decay_Constant:
#   230Th_Decay_Constant:
#   Initial_230Th/232Th:
#   Initial_230Th/232Th_Method:
#   Age_Model_Method:
#   Missing_Values: na
#   Chronology_Table:
# samp_id	depth_top_mm	238U_ppb	238U_2s_ppb	232Th_ppt	232Th_2s_ppt	230Th_232Th_atom_ppm	230Th_232Th_atom_2s_ppm	d234U_meas_permil	d234U_meas_2s_permil	230Th_238U_act	230Th_238U_act_2s	age_uncorr_kaBM	age_uncorr_2s_ka	age_corr_kaBP1950	age_corr_2s_ka	notes	date_type
# So4-M15	610	289.792595788064	0.413285047990779	250.992603611729	5.06403216870078	47702.7639021076	965.023942676113	5000.50990084523	4.92653208293947	2.50582947276935	5.1428344343743E-03	54.4943535684815	0.145963082252194	54.4316047578472	0.145982210003441	"Thermo-Finnigan-Neptune (Minnesota and Xi'an)"	MC-ICP-MS
# So4-M4	635	433.398880242552	0.554621508070257	791.770290786135	15.8735396092362	23429.3975918593	470.537232429678	5049.3671421062	4.62127102225538	2.59601304720407	4.52892236775129E-03	56.32005714525	0.130850988583887	56.253311562925	0.130950285548285	"Thermo-Finnigan-Neptune (Minnesota and Xi'an)"	MC-ICP-MS
# So4-M5	660	578.408985044678	0.829039049288077	254.663391487862	5.13243877046374	93019.6684284165	1878.23241297272	4629.11225002082	4.61118338396255	2.48393717053668	4.70367638469944E-03	58.3364097005614	0.148071642395686	58.2753609181063	0.148075794096337	"Thermo-Finnigan-Neptune (Minnesota and Xi'an)"	MC-ICP-MS
# So4-M6	685	408.358709745179	0.487801201156823	345.501936970179	6.94302581420476	48748.2598071133	981.155015776256	4504.6211930866	4.11634521708914	2.50150924420751	4.10566193635732E-03	60.5129247985852	0.135417077881013	60.4499757871817	0.135439543771158	"Thermo-Finnigan-Neptune (Minnesota and Xi'an)"	MC-ICP-MS
# So4-M33	693	319.06224371849	0.354016647037985	1051.18280785042	21.0594240790986	12990.1599466166	260.709618527749	4621.03184921008	4.62717478153658	2.59568307005348	4.23718698232658E-03	61.7055774212715	0.14058930572151	61.6307573262192	0.140949163347957	"Thermo-Finnigan-Neptune (Minnesota and Xi'an)"	MC-ICP-MS
# So4-M16	700	564.994177607136	1.03127669333657	356.89743281888	7.17799227099221	71736.4320811673	1446.89779142087	4762.76412232686	4.97747404301792	2.74835959950869	6.52997784500704E-03	64.212264390943	0.203830207480957	64.1504517392891	0.203834253004507	"Thermo-Finnigan-Neptune (Minnesota and Xi'an)"	MC-ICP-MS
# So4-M7	717	519.309688725887	0.704279928173086	284.621391262225	5.72896856199227	81888.2945666568	1651.25317289632	4652.36716479685	4.4746148985535	2.72205734345621	4.94676567006651E-03	65.0237701044148	0.162475234289663	64.962275819406	0.162481035750633	"Thermo-Finnigan-Neptune (Minnesota and Xi'an)"	MC-ICP-MS
# So4-M34	725	390.28973825907	0.797575444966175	500.40197607424	10.0363884157328	35381.3212218164	710.524347123773	4638.88834956421	7.67205345403669	2.75131465423492	6.26752568650538E-03	66.1071664359227	0.222338304136654	66.0414295229647	0.222358432247022	"Thermo-Finnigan-Neptune (Minnesota and Xi'an)"	MC-ICP-MS
# So4-M17	731	368.366181117138	0.503596616318342	325.086342371587	6.53737619314888	51669.7198771728	1040.88722965548	4585.3217503509	4.08466881469243	2.76560028328369	5.01780179200952E-03	67.3627260025834	0.167526993747458	67.2997251925932	0.167544591847944	"Thermo-Finnigan-Neptune (Minnesota and Xi'an)"	MC-ICP-MS
# So4-M35	739	301.366732358528	0.407733845177076	666.563672466302	13.3623808505748	20828.9512161821	418.112170391605	4509.83957288198	5.7280471158516	2.79413937981519	4.76727235804961E-03	69.4608532523312	0.178208969705851	69.3908497445983	0.178325313891097	"Thermo-Finnigan-Neptune (Minnesota and Xi'an)"	MC-ICP-MS
# So4-M8	746	294.544490212607	0.323680985793684	1621.56815084586	32.4884859603033	8612.02446169943	172.8240242266	4522.33145668378	4.11111735989859	2.87556963449373	4.55764532666348E-03	71.85850470344	0.162776623940867	71.7749176033935	0.163648816660948	"Thermo-Finnigan-Neptune (Minnesota and Xi'an)"	MC-ICP-MS
# So4-M36	751	274.166624693009	0.358978733515325	1325.64914361602	26.5543384803423	10051.2273447433	201.650724061683	4485.5215331501	5.7134539070674	2.94759246700447	5.07220583768346E-03	74.858520839224	0.197277398159567	74.7769177045844	0.197810008926438	"Thermo-Finnigan-Neptune (Minnesota and Xi'an)"	MC-ICP-MS
# So4-M18	756	281.664580351853	0.3697386248847	588.261859473152	11.8006129796722	23275.9010394942	467.76547721896	4425.08591690203	4.08090056196991	2.94835169765075	5.26220139432276E-03	75.9947515850612	0.193317259852086	75.9262873015601	0.193412788009043	"Thermo-Finnigan-Neptune (Minnesota and Xi'an)"	MC-ICP-MS
# So4-M19	771	341.005637223615	0.461406348686493	2672.83998896791	53.548600912633	6350.15553137177	127.449877604129	4283.57800266358	3.90406240254146	3.0187704888901	5.46286178647503E-03	81.246035430493	0.212783763813697	81.1512210315338	0.214188741225076	"Thermo-Finnigan-Neptune (Minnesota and Xi'an)"	MC-ICP-MS
# Hiatus	781.5	NA	NA	NA	NA	NA	NA	NA	NA	NA	NA	NA	NA	NA	NA	NA	Hiatus
# So4-M20	804	376.670634651449	0.572018143080566	455.285246471705	9.13502083075903	54235.0038852085	1089.77375423787	3455.50165845576	5.26061147500661	3.97590336770131	7.41371601466489E-03	161.663702382491	0.660379862081008	161.597984385645	0.660370183276416	"Thermo-Finnigan-Neptune (Minnesota and Xi'an)"	MC-ICP-MS
# So4-M21	855	272.726757334859	0.50651987847592	91.3730966239912	1.88759860905199	189760.674655324	3930.61301223364	3283.34652950482	6.56739899911552	3.85594776251115	9.23836863349735E-03	164.774366230622	0.88085773043122	164.712524215924	0.880866970267631	"Thermo-Finnigan-Neptune (Minnesota and Xi'an)"	MC-ICP-MS
# So4-M22	902	153.127153155092	0.186914509652518	286.40226999255	5.75263083814207	33250.3098085291	699.999695688133	3096.32674738629	4.3484588614982	3.7718487997941	2.42261022555652E-02	172.574126310115	2.1608850960057	172.504813965623	2.16075885830644	"Thermo-Finnigan-Neptune (Minnesota and Xi'an)"	MC-ICP-MS
# So4-M13	938	291.633800323679	0.27962027119567	50.4506273457749	1.10564729194866	390232.074911913	8560.90240281549	3414.43692793344	3.22233900868057	4.09435983686683	5.6553872976044E-03	173.926563046259	0.527351698339587	173.86649565246	0.527358747646448	"Thermo-Finnigan-Neptune (Minnesota and Xi'an)"	MC-ICP-MS
# So4-M9	967	523.930396685496	0.716328915677678	68.464859794225	1.45690584012295	531753.073819552	11335.1574337632	3509.97761624947	3.8534595545992	4.21442634574682	7.82088710291036E-03	176.162269480069	0.702628189791941	176.102399435441	0.702634066542123	"Thermo-Finnigan-Neptune (Minnesota and Xi'an)"	MC-ICP-MS
# So4-M10	1014	394.061923322701	0.462403146345923	78.221735443427	1.637443691348	324699.014366054	6808.43816879056	3152.15120980548	3.33313373456266	3.90911346385484	6.59653161326207E-03	179.996077809834	0.670907262212966	179.935830343885	0.670912330492795	"Thermo-Finnigan-Neptune (Minnesota and Xi'an)"	MC-ICP-MS
# So4-M23	1045	393.717311198823	0.5759555380875	134.748810103986	2.74261993654758	183840.792852538	3746.70235977104	3051.29253386378	4.67124647918664	3.8160727380695	6.85000767706273E-03	180.575828102202	0.775458380859083	180.51386598769	0.775461746340695	"Thermo-Finnigan-Neptune (Minnesota and Xi'an)"	MC-ICP-MS
# So4-M24	1084	368.491454594275	0.546989685304128	667.325517902508	13.3764037293173	34932.3558114782	701.069848238211	3003.76411868496	4.78413979412972	3.8368296532486	6.85108712114807E-03	187.15611846018	0.833143220684856	187.087125079478	0.833117186599996	"Thermo-Finnigan-Neptune (Minnesota and Xi'an)"	MC-ICP-MS
# So4-M25	1123	303.244771143002	0.426564682205867	103.493503347614	2.12925614695051	186299.771636098	3837.67931085014	2962.51028802073	4.7700459073257	3.85626101127484	6.71853263482096E-03	193.417765639821	0.872342835239678	193.355775014945	0.87235090842897	"Thermo-Finnigan-Neptune (Minnesota and Xi'an)"	MC-ICP-MS
# So4-M27	1221	279.823358501479	0.270480600823608	225.000508138541	4.5244913441285	77307.285554862	1556.57615489376	2784.87780282873	3.21893253774849	3.77011232942891	5.31209378791627E-03	204.361392596266	0.75076352078653	204.297058931349	0.750754155280547	"Thermo-Finnigan-Neptune (Minnesota and Xi'an)"	MC-ICP-MS
#---------------------------------------
# Variables
# PaST_Thesaurus_Download_Resource: https://www.ncei.noaa.gov/access/paleo-search/skos/past-thesaurus.rdf
#   PaST_Thesaurus_Download_Description: Paleoenvironmental Standard Terms (PaST) Thesaurus terms, definitions, and relationships in SKOS format.
#
# Data variables follow that are preceded by "##" in columns one and two.
# Variables list, one per line, shortname-tab-var components: what, material, error, units, seasonality, data type, detail, method, C or N for Character or Numeric data)
#
## depth_mm	depth,,,millimeter,,speleothems,,,N,
## age_kaBP	age,,,calendar kiloyear before present,,speleothems,,Monte Carlo simulation,N,StalAge Model by Scholz and Hoffmann (2011)
## d13C	delta 13C,calcite,,per mil PDB,,speleothems,,isotope ratio mass spectrometry,N,
## d18O	delta 18O,calcite,,per mil PDB,,speleothems,,isotope ratio mass spectrometry,N,
#------------------------
# Data:
# Data lines follow (have no #)
# Data line format - tab-delimited text, variable short name as header
# Missing_Values: NA
depth_mm	age_kaBP	d13C	d18O
595.5	53.27028	-8.408	-10.742
596	53.30883	-8.187	-10.79
596.5	53.34734	-8.036	-10.786
597	53.38583	-9.08	-10.878
597.5	53.42435	-9.577	-10.816
598	53.46291	-9.625	-10.78
598.5	53.5015	-9.392	-10.884
599	53.54006	-9.427	-10.81
599.5	53.57856	-9.474	-10.923
600	53.61698	-9.285	-10.816
600.5	53.65537	-9.36	-10.862
601	53.6938	-9.234	-10.942
601.5	53.73235	-9.125	-10.842
602	53.77104	-9.054	-10.903
602.5	53.80986	-9.059	-10.943
603	53.84873	-9.031	-11.205
603.5	53.88758	-9.045	-10.883
604	53.92637	-8.782	-11.241
604.5	53.9651	-8.508	-11.422
605	54.00379	-8.015	-11.283
605.5	54.04244	-7.669	-11.571
606	54.08107	-6.801	-12.057
606.5	54.1197	-6.584	-12.021
607	54.15834	-6.518	-12.03
607.5	54.19702	-6.499	-12.067
608	54.23573	-6.747	-11.969
608.5	54.27442	-6.679	-12.009
609	54.31303	-6.765	-12.16
609.5	54.35148	-6.762	-11.999
610	54.38974	-6.554	-12.085
610.5	54.42789	-6.64	-12.015
611	54.46605	-6.917	-11.885
611.5	54.50433	-7.092	-11.727
612	54.54281	-7.391	-11.765
612.5	54.58147	-7.198	-11.957
613	54.62025	-7.073	-11.896
613.5	54.65908	-6.935	-11.871
614	54.69792	-6.936	-11.857
614.5	54.73671	-6.814	-11.79
615	54.7754	-6.868	-11.867
615.5	54.81395	-7.098	-11.87
616	54.85232	-7.42	-11.751
616.5	54.89056	-7.47	-11.658
617	54.92876	-7.785	-11.424
617.5	54.96698	-8.358	-11.402
618	55.00527	-8.314	-11.409
618.5	55.04363	-8.032	-11.396
619	55.08199	-7.805	-11.395
619.5	55.12032	-7.73	-11.428
620	55.1586	-7.488	-11.504
620.5	55.19688	-6.847	-11.773
621	55.23527	-6.701	-11.918
621.5	55.27384	-6.628	-12
622	55.31263	-6.634	-11.954
622.5	55.3515	-6.709	-12.072
623	55.39025	-6.587	-12.097
623.5	55.42867	-6.616	-12.019
624	55.46665	-6.486	-12.002
624.5	55.50436	-6.536	-11.834
625	55.54208	-6.368	-11.74
625.5	55.58004	-6.377	-11.879
626	55.61844	-6.64	-11.872
626.5	55.65716	-6.519	-11.903
627	55.696	-6.135	-11.806
627.5	55.73476	-5.732	-11.767
628	55.7733	-5.77	-11.79
628.5	55.81166	-5.786	-11.861
629	55.84995	-5.954	-11.748
629.5	55.88826	-5.79	-11.701
630	55.92668	-5.783	-11.753
630.5	55.96526	-6.245	-11.848
631	56.004	-6.755	-11.81
631.5	56.04296	-7.533	-11.721
632	56.08212	-8.01	-11.717
632.5	56.1214	-8.485	-11.593
633	56.16068	-8.629	-11.4
633.5	56.19986	-8.655	-11.427
634	56.23886	-8.413	-11.526
634.5	56.27772	-8.729	-11.345
635	56.31653	-8.635	-11.333
635.5	56.35536	-8.419	-11.443
636	56.39428	-7.879	-11.368
636.5	56.43323	-7.926	-11.499
637	56.4721	-8.049	-11.284
637.5	56.51083	-8.278	-11.298
638	56.54934	-8.517	-11.335
638.5	56.58769	-8.558	-11.253
639	56.62595	-8.152	-11.286
639.5	56.6642	-8.684	-11.207
640	56.7025	-8.545	-11.236
640.5	56.74089	-8.468	-11.333
641	56.77937	-7.969	-11.412
641.5	56.81798	-8.641	-11.383
642	56.85671	-8.509	-11.507
642.5	56.89554	-8.701	-11.417
643	56.93442	-8.893	-11.408
643.5	56.97334	-8.925	-11.321
644	57.01224	-8.75	-11.382
644.5	57.05112	-8.204	-11.444
645	57.08995	-7.184	-11.555
645.5	57.12872	-7.303	-11.77
646	57.16742	-7.212	-11.806
646.5	57.20612	-7.09	-11.751
647	57.2449	-8.104	-11.577
647.5	57.28383	-7.295	-11.896
648	57.32296	-6.977	-11.751
648.5	57.36225	-6.797	-11.806
649	57.40164	-7.68	-11.593
649.5	57.44107	-7.391	-12.078
650	57.48047	-7.406	-11.895
650.5	57.51982	-7.119	-11.865
651	57.5591	-6.703	-11.861
651.5	57.59828	-6.758	-11.875
652	57.63734	-6.457	-11.825
652.5	57.67631	-5.769	-12.042
653	57.71518	-5.621	-12.259
653.5	57.75398	-5.541	-12.118
654	57.79272	-5.781	-11.962
654.5	57.83147	-6.742	-11.915
655	57.87028	-6.756	-11.944
655.5	57.90922	-5.934	-12.033
656	57.94834	-5.59	-11.968
656.5	57.98761	-6.432	-11.932
657	58.02698	-6.189	-11.995
657.5	58.0664	-6.307	-12.062
658	58.10585	-5.817	-12.041
658.5	58.14529	-6.097	-11.922
659	58.18472	-7.505	-11.791
659.5	58.22414	-7.45	-12.015
660	58.26353	-7.091	-12.227
660.5	58.30289	-6.045	-12.126
661	58.34223	-5.909	-12.071
661.5	58.38153	-5.792	-12.081
662	58.4208	-6.608	-12.338
662.5	58.45996	-6.746	-12.125
663	58.49892	-6.972	-12.158
663.5	58.53761	-7.213	-12.049
664	58.576	-7.424	-12.115
664.1	58.58366	-6.892	-12.2152
664.2	58.59132	-6.9372	-12.2116
664.3	58.59899	-7.065	-12.1512
664.4	58.60666	-7.1372	-12.2176
664.5	58.61433	-7.1394	-12.1354
664.6	58.62202	-7.2916	-12.2356
664.7	58.62972	-7.2878	-12.1608
664.8	58.63743	-7.389	-12.2294
664.9	58.64516	-7.4156	-12.1496
665	58.65291	-7.4824	-12.2868
665.1	58.66068	-7.5392	-12.2128
665.2	58.66848	-7.7134	-12.2536
665.3	58.6763	-7.6916	-12.0904
665.4	58.68415	-7.9576	-12.039
665.5	58.69203	-7.9502	-11.918
665.6	58.69994	-8.106	-11.7284
665.7	58.70787	-7.9432	-11.76
665.8	58.71581	-7.8288	-11.6986
665.9	58.72374	-7.7338	-11.6978
666	58.73165	-7.6554	-11.649
666.1	58.73952	-7.721	-11.6174
666.2	58.74734	-7.665	-11.5252
666.3	58.7551	-7.653	-11.573
666.4	58.76278	-7.643	-11.7092
666.5	58.77037	-7.5918	-11.5808
666.6	58.77785	-7.8802	-11.6912
666.7	58.78521	-7.8366	-11.668
666.8	58.79244	-7.788	-11.786
666.9	58.79952	-7.526	-11.7336
667	58.80643	-7.0964	-11.8794
667.1	58.81318	-7.141	-11.8876
667.2	58.81973	-6.6816	-12.0088
667.3	58.82608	-6.9448	-11.9182
667.4	58.83221	-6.6492	-12.0414
667.5	58.83811	-6.5506	-11.9536
667.6	58.84377	-6.3434	-11.905
667.7	58.8492	-6.174	-12.056
667.8	58.85443	-6.0558	-12.067
667.9	58.85947	-6.0008	-11.9648
668	58.86435	-6.0426	-12.0144
668.1	58.86909	-6.1234	-12.1208
668.2	58.87369	-5.91	-12.0458
668.3	58.8782	-5.9394	-11.9654
668.4	58.88262	-6.073	-11.9112
668.5	58.88697	-6.213	-11.8068
668.6	58.89128	-6.508	-11.873
668.7	58.89557	-6.5774	-11.7974
668.8	58.89985	-6.8124	-11.7896
668.9	58.90415	-6.5912	-11.5394
669	58.90848	-6.854	-11.5842
669.1	58.91287	-6.968	-11.5308
669.2	58.91733	-7.2424	-11.3694
669.3	58.9219	-7.244	-11.433
669.4	58.92657	-7.2614	-11.5354
669.5	58.93007	-7.2928	-11.4484
669.6	58.93255	-7.2038	-11.5422
669.7	58.93509	-7.1652	-11.3042
669.8	58.93765	-6.9926	-11.279
669.9	58.94021	-6.9446	-11.2666
670	58.94275	-6.7446	-11.3116
670.1	58.94524	-6.6002	-11.294
670.2	58.94766	-6.3958	-11.3194
670.3	58.94999	-6.2198	-11.4074
670.4	58.95218	-6.1646	-11.4482
670.5	58.95423	-6.1514	-11.444
670.6	58.95611	-6.0622	-11.6508
670.7	58.95779	-6.0432	-11.633
670.8	58.95924	-5.9624	-11.7828
670.9	58.96044	-6.0138	-11.814
671	58.96137	-5.983	-11.948
671.1	58.962	-5.8648	-11.9208
671.2	58.96231	-5.8316	-11.99
671.3	58.96232	-5.6304	-11.9012
671.4	58.96233	-5.617	-11.8694
671.5	58.96235	-5.5872	-11.9234
671.6	58.96236	-5.4698	-11.883
671.7	58.96237	-5.35	-11.743
671.8	58.96238	-5.3714	-11.8692
671.9	58.9624	-5.3248	-11.786
672	58.96241	-5.2822	-11.87
672.1	58.96242	-5.1812	-11.7332
672.2	58.96244	-5.3258	-11.8552
672.3	58.96245	-5.3672	-11.791
672.4	58.96246	-5.4772	-11.8906
672.5	58.96248	-5.4642	-11.8056
672.6	58.96249	-5.6706	-12.0526
672.7	58.9625	-5.574	-11.9144
672.8	58.96251	-5.6762	-12.1172
672.9	58.96253	-5.848	-12.1546
673	58.96254	-5.8082	-12.1338
673.1	58.96255	-5.699	-11.9438
673.2	58.96257	-5.7664	-11.8374
673.3	58.96258	-5.4046	-11.6504
673.4	58.96345	-5.1304	-11.5458
673.5	58.96499	-4.8194	-11.4736
673.6	58.96723	-4.946	-11.6204
673.7	58.97014	-4.8578	-11.521
673.8	58.97368	-5.5018	-11.8366
673.9	58.9778	-5.7226	-11.8596
674	58.98247	-5.9222	-11.975
674.1	58.98764	-5.9208	-12.0274
674.2	58.99326	-6.115	-12.2166
674.3	59.00272	-6.027	-12.01
674.4	59.01551	-5.7762	-11.9092
674.5	59.02894	-5.3652	-11.8012
674.6	59.04294	-5.3468	-11.835
674.7	59.0574	-5.4502	-11.7652
674.8	59.07224	-5.4678	-11.7166
674.9	59.08738	-5.3904	-11.6206
675	59.10272	-5.269	-11.5582
675.1	59.11817	-5.5132	-11.5822
675.2	59.13366	-5.7028	-11.6858
675.3	59.14909	-6.0318	-11.6794
675.4	59.16437	-5.5448	-11.6772
675.5	59.17942	-5.7586	-11.6682
675.6	59.19417	-5.4304	-11.786
675.7	59.20861	-5.5838	-11.9098
675.8	59.22278	-5.6834	-11.9836
675.9	59.23669	-5.73	-11.8886
676	59.25037	-5.7512	-12.0226
676.1	59.26384	-5.5064	-11.8564
676.2	59.27711	-4.7168	-11.6838
676.3	59.29022	-4.4262	-11.4682
676.4	59.30318	-4.391	-11.3476
676.5	59.31602	-4.6562	-11.3064
676.6	59.32876	-5.3568	-11.533
676.7	59.34141	-5.2756	-11.3724
676.8	59.35401	-5.1988	-11.5042
676.9	59.36657	-4.9292	-11.4862
677	59.37912	-4.4904	-11.4018
677.1	59.39168	-4.0288	-11.3172
677.2	59.40426	-3.965	-11.5118
677.3	59.4169	-4.152	-11.2422
677.4	59.42961	-4.52	-11.492
677.5	59.44242	-4.9708	-11.5956
677.6	59.45534	-4.8674	-11.5388
677.7	59.46838	-4.6122	-11.4382
677.8	59.48152	-4.3184	-11.4172
677.9	59.49476	-4.4126	-11.2552
678	59.50809	-4.6988	-11.4864
678.1	59.52151	-4.9268	-11.35
678.2	59.53501	-5.3792	-11.5758
678.3	59.54859	-5.4038	-11.5814
678.4	59.56223	-5.4488	-11.6316
678.5	59.57594	-5.6378	-11.66
678.6	59.58971	-5.7232	-11.7704
678.7	59.60352	-5.7986	-11.807
678.8	59.61738	-5.8706	-11.9704
678.9	59.63128	-5.886	-11.901
679	59.64521	-5.8896	-11.9608
679.1	59.65917	-5.9926	-11.9406
679.2	59.67315	-6.0258	-11.9904
679.3	59.68714	-6.0462	-11.9656
679.4	59.70114	-6.0338	-12.0536
679.5	59.71514	-5.9674	-11.962
679.6	59.72914	-6.0128	-12.0318
679.7	59.74313	-6.0632	-12.0426
679.8	59.75712	-6.149	-12.0714
679.9	59.77109	-6.3146	-12.0802
680	59.78506	-6.3542	-12.063
680.1	59.79902	-6.3078	-12.035
680.2	59.81297	-6.281	-12.0854
680.3	59.82691	-6.2266	-12.022
680.4	59.84083	-6.164	-12.042
680.5	59.85474	-6.173	-11.967
680.6	59.86863	-6.2348	-12.0534
680.7	59.8825	-6.2208	-11.9264
680.8	59.89636	-6.1234	-11.9254
680.9	59.9102	-6.1338	-11.9638
681	59.92402	-6.1056	-12.0096
681.1	59.93782	-6.091	-12.061
681.2	59.95159	-6.04	-12.0932
681.3	59.96535	-5.897	-12.0486
681.4	59.97907	-5.9538	-12.0514
681.5	59.99278	-5.996	-12.0166
681.6	60.00645	-6.0716	-12.013
681.7	60.0201	-6.1126	-12.0828
681.8	60.03373	-6.0402	-11.9844
681.9	60.04734	-6.06	-12.0416
682	60.06093	-6.1156	-12.1302
682.1	60.0745	-6.1428	-12.0796
682.2	60.08805	-6.126	-12.113
682.3	60.10159	-6.194	-12.0256
682.4	60.11512	-6.2076	-12.0152
682.5	60.12864	-6.1618	-11.9494
682.6	60.14215	-6.1752	-12.0868
682.7	60.15566	-6.2296	-11.9824
682.8	60.16916	-6.1866	-12.0788
682.9	60.18265	-6.1328	-11.9422
683	60.19615	-6.1822	-12.0656
683.1	60.20965	-6.0924	-12.0006
683.2	60.22315	-6.057	-11.948
683.3	60.23666	-6.1748	-11.9192
683.4	60.25017	-6.091	-11.988
683.5	60.26369	-6.1388	-11.9804
683.6	60.27722	-6.0932	-12.0488
683.7	60.29076	-6.1974	-12.0796
683.8	60.30432	-6.0834	-12.0414
683.9	60.31788	-6.0762	-12.0154
684	60.33146	-5.9924	-12.086
684.1	60.34505	-6.022	-11.9086
684.2	60.35866	-6.0634	-11.9768
684.3	60.37228	-6.038	-11.8166
684.4	60.38591	-5.9286	-11.919
684.5	60.39956	-5.9876	-11.9618
684.6	60.41322	-6.0016	-12.0228
684.7	60.4269	-5.9704	-11.9306
684.8	60.4406	-5.9542	-12.0208
684.9	60.45431	-5.92	-11.876
685	60.46804	-5.8024	-11.9794
685.1	60.48179	-5.8292	-11.9082
685.2	60.49556	-5.8034	-11.87
685.3	60.50934	-5.7482	-12.0096
685.4	60.52315	-5.6296	-12.1362
685.5	60.53697	-5.499	-12.0236
685.6	60.55082	-5.4076	-12.0802
685.7	60.56469	-5.612	-12.0312
685.8	60.57858	-5.654	-11.9412
685.9	60.59248	-5.5448	-11.8322
686	60.60641	-5.1994	-11.7038
686.1	60.62036	-4.8176	-11.5154
686.2	60.63433	-4.451	-11.435
686.3	60.64832	-4.7316	-11.4742
686.4	60.66234	-4.885	-11.72
686.5	60.67637	-5.1176	-11.7138
686.6	60.69042	-5.3854	-11.7626
686.7	60.70449	-5.0722	-11.7084
686.8	60.71859	-4.8006	-11.6964
686.9	60.7327	-4.8166	-11.596
687	60.74683	-4.8384	-11.6628
687.1	60.76099	-5.058	-11.722
687.2	60.77516	-5.283	-11.8996
687.3	60.78936	-5.422	-11.98
687.4	60.80357	-5.5962	-12.1192
687.5	60.81781	-5.7984	-12.1298
687.6	60.83206	-5.7314	-12.1262
687.7	60.84634	-5.6822	-12.077
687.8	60.86063	-5.6918	-12.0236
687.9	60.87494	-5.789	-12.0074
688	60.88927	-5.7536	-12.008
688.1	60.90361	-5.779	-12.0218
688.2	60.91796	-5.7722	-11.9794
688.3	60.93232	-5.7192	-12.0206
688.4	60.9467	-5.5062	-11.9098
688.5	60.96108	-5.2858	-11.6964
688.6	60.97547	-5.2114	-11.7404
688.7	60.98987	-5.7254	-11.8528
688.8	61.00428	-5.9244	-12.0676
688.9	61.01869	-5.9416	-12.0066
689	61.0331	-5.7812	-12.047
689.1	61.04751	-5.6346	-11.95
689.2	61.06193	-5.5352	-11.9454
689.3	61.07634	-5.6656	-11.955
689.4	61.09076	-5.8354	-12.0442
689.5	61.10517	-5.907	-12.0426
689.6	61.11957	-5.8244	-12.0864
689.7	61.13398	-5.9078	-12.0584
689.8	61.14837	-5.878	-12.1862
689.9	61.16277	-5.8678	-12.0334
690	61.17715	-5.6512	-11.9384
690.1	61.19153	-5.8534	-11.9526
690.2	61.2059	-6.0428	-12.0664
690.3	61.22027	-6.1272	-12.0336
690.4	61.23462	-6.1718	-12.108
690.5	61.24897	-6.1716	-11.9172
690.6	61.26331	-6.4148	-12.0334
690.7	61.27764	-6.4792	-11.9454
690.8	61.29195	-6.5138	-11.999
690.9	61.30626	-6.5174	-11.8432
691	61.32056	-6.0752	-11.5282
691.1	61.33484	-5.9038	-11.4902
691.2	61.34912	-5.5276	-11.4284
691.3	61.36337	-5.5928	-11.327
691.4	61.37762	-5.645	-11.5632
691.5	61.39185	-5.7146	-11.5824
691.6	61.40607	-5.7668	-11.6876
691.7	61.42028	-5.6102	-11.572
691.8	61.43447	-5.771	-11.659
691.9	61.44864	-5.8286	-11.6598
692	61.46281	-6.0398	-11.8568
692.1	61.47696	-6.1818	-11.801
692.2	61.49109	-6.4	-11.9958
692.3	61.50522	-6.4692	-11.9242
692.4	61.51933	-6.3434	-11.8942
692.5	61.53343	-6.2938	-11.7614
692.6	61.54752	-6.3504	-11.6952
692.7	61.56159	-6.4224	-11.7148
692.8	61.57566	-6.6072	-11.849
692.9	61.58971	-6.6384	-11.8162
693	61.60376	-6.8056	-11.9716
693.1	61.61779	-6.7738	-11.9626
693.2	61.63181	-6.8276	-11.968
693.3	61.64582	-6.8342	-11.9546
693.4	61.65982	-6.814	-11.8406
693.5	61.67381	-6.8004	-11.8646
693.6	61.68779	-6.5014	-11.8366
693.7	61.70177	-6.327	-11.7654
693.8	61.71573	-6.1164	-11.7486
693.9	61.72969	-5.9466	-11.6392
694	61.74364	-5.6482	-11.7676
694.1	61.75759	-5.1788	-11.6736
694.2	61.77153	-4.337	-11.8268
694.3	61.78546	-4.303	-11.7186
694.4	61.7994	-3.9788	-11.8498
694.5	61.81332	-3.7042	-11.7754
694.6	61.82725	-3.4624	-11.926
694.7	61.84118	-3.2754	-11.8306
694.8	61.85511	-2.8836	-11.7952
694.9	61.86903	-2.7572	-11.8008
695	61.88296	-2.576	-11.841
695.1	61.89689	-2.628	-11.8378
695.2	61.91082	-2.6918	-11.817
695.3	61.92476	-2.7536	-11.744
695.4	61.9387	-2.8822	-11.823
695.5	61.95264	-2.9342	-11.7652
695.6	61.96659	-3.0308	-11.8064
695.7	61.98055	-3.0068	-11.7344
695.8	61.99451	-2.8574	-11.7396
695.9	62.00847	-2.946	-11.7708
696	62.02244	-2.8746	-11.7676
696.1	62.03641	-2.7984	-11.7376
696.2	62.05038	-2.6794	-11.729
696.3	62.06435	-2.6842	-11.7008
696.4	62.07832	-2.636	-11.7486
696.5	62.0923	-2.6636	-11.6106
696.6	62.10627	-2.5994	-11.6302
696.7	62.12024	-2.7094	-11.642
696.8	62.13421	-2.7036	-11.6776
696.9	62.14818	-2.8512	-11.6538
697	62.16214	-2.9448	-11.6078
697.1	62.1761	-3.003	-11.6008
697.2	62.19006	-3.0424	-11.6628
697.3	62.20401	-3.1792	-11.5616
697.4	62.21795	-3.2306	-11.6336
697.5	62.23189	-3.3364	-11.5748
697.6	62.24583	-3.3442	-11.5892
697.7	62.25975	-3.3322	-11.5622
697.8	62.27367	-3.429	-11.6494
697.9	62.28759	-3.4316	-11.591
698	62.3015	-3.3288	-11.5884
698.1	62.31541	-3.425	-11.5876
698.2	62.32931	-3.3888	-11.6476
698.3	62.34321	-3.3844	-11.5834
698.4	62.35711	-3.4108	-11.5994
698.5	62.371	-3.4786	-11.5644
698.6	62.38489	-3.5102	-11.6924
698.7	62.39879	-3.5056	-11.6312
698.8	62.41268	-3.3784	-11.6558
698.9	62.42657	-3.3856	-11.567
699	62.44046	-3.3968	-11.6464
699.1	62.45435	-3.435	-11.5796
699.2	62.46825	-3.559	-11.6112
699.3	62.48214	-3.433	-11.5816
699.4	62.49604	-3.3316	-11.613
699.5	62.50994	-3.2844	-11.5678
699.6	62.52385	-3.2462	-11.5592
699.7	62.53775	-3.2724	-11.552
699.8	62.55166	-3.3526	-11.5436
699.9	62.56558	-3.3078	-11.5634
700	62.57949	-3.385	-11.5752
700.1	62.5934	-3.384	-11.5646
700.2	62.60731	-3.6012	-11.5618
700.3	62.62123	-3.6484	-11.5786
700.4	62.63514	-3.8388	-11.505
700.5	62.64905	-3.7362	-11.543
700.6	62.66295	-3.4824	-11.5706
700.7	62.67686	-3.3342	-11.4938
700.8	62.69076	-3.2266	-11.5298
700.9	62.70465	-3.2378	-11.5238
701	62.71855	-3.282	-11.559
701.1	62.73243	-3.3864	-11.6644
701.2	62.74631	-3.4614	-11.7302
701.3	62.76019	-3.633	-11.6216
701.4	62.77405	-3.8528	-11.5862
701.5	62.78791	-3.8952	-11.6118
701.6	62.80176	-3.7144	-11.6322
701.7	62.81561	-3.6474	-11.5942
701.8	62.82944	-3.6546	-11.5496
701.9	62.84327	-3.6512	-11.544
702	62.85709	-3.7056	-11.5302
702.1	62.87091	-3.8364	-11.4946
702.2	62.88472	-4.2028	-11.484
702.3	62.89852	-4.172	-11.4766
702.4	62.91232	-4.3998	-11.4434
702.5	62.92611	-4.4248	-11.378
702.6	62.9399	-4.121	-11.2802
702.7	62.95369	-4.0782	-11.3066
702.8	62.96747	-4.227	-11.3572
702.9	62.98125	-4.2168	-11.2446
703	62.99502	-4.3044	-11.3456
703.1	63.00879	-4.3892	-11.4148
703.2	63.02256	-4.5674	-11.4198
703.3	63.03633	-4.59	-11.3178
703.4	63.05009	-4.73	-11.3214
703.5	63.06385	-4.7974	-11.228
703.6	63.07761	-4.9736	-11.3224
703.7	63.09138	-4.8068	-11.1722
703.8	63.10514	-4.9444	-11.2
703.9	63.11889	-5.077	-11.1578
704	63.13265	-5.1516	-11.0756
704.1	63.14641	-5.2218	-11.0712
704.2	63.16016	-5.5056	-11.063
704.3	63.17392	-5.5444	-10.9916
704.4	63.18767	-5.494	-11.1068
704.5	63.20142	-5.5584	-11.0512
704.6	63.21517	-5.4888	-11.0156
704.7	63.22892	-5.615	-11.0438
704.8	63.24267	-5.477	-11.0412
704.9	63.25642	-5.5232	-10.9662
705	63.27017	-5.7166	-11.0048
705.1	63.28392	-5.789	-10.95
705.2	63.29766	-5.5988	-11.0716
705.3	63.3114	-5.4862	-10.996
705.4	63.32515	-5.1264	-11.0328
705.5	63.33889	-4.931	-11.0162
705.6	63.35263	-5.2728	-11.1372
705.7	63.36637	-5.87	-11.2336
705.8	63.38011	-6.6424	-11.3502
705.9	63.39385	-6.7096	-11.3806
706	63.40759	-6.9054	-11.4508
706.1	63.42133	-6.8704	-11.4336
706.2	63.43507	-6.8404	-11.6292
706.3	63.44881	-6.8008	-11.6214
706.4	63.46255	-6.6258	-11.6248
706.5	63.47629	-6.5726	-11.535
706.6	63.49003	-6.4122	-11.5198
706.7	63.50378	-6.466	-11.5936
706.8	63.51752	-6.3716	-11.6496
706.9	63.53127	-6.316	-11.5904
707	63.54502	-6.3516	-11.5374
707.1	63.55877	-6.3818	-11.4702
707.2	63.57253	-6.4286	-11.4234
707.3	63.58628	-6.4284	-11.4242
707.4	63.60004	-6.4148	-11.5364
707.5	63.61381	-6.3938	-11.524
707.6	63.62757	-6.3798	-11.6244
707.7	63.64134	-6.2734	-11.556
707.8	63.65512	-5.8522	-11.3028
707.9	63.6689	-5.683	-11.1698
708	63.68268	-5.5664	-11.1056
708.1	63.69647	-5.3514	-11.0428
708.2	63.71026	-5.2176	-11.0112
708.3	63.72406	-5.0938	-10.9842
708.4	63.73787	-4.8186	-10.9388
708.5	63.75168	-4.4396	-10.7844
708.6	63.7655	-4.3358	-10.6376
708.7	63.77933	-4.0502	-10.3884
708.8	63.79317	-4.7118	-10.5374
708.9	63.80701	-4.537	-10.4112
709	63.82087	-4.4758	-10.5146
709.1	63.83473	-4.4908	-10.5492
709.2	63.8486	-4.322	-10.4334
709.3	63.86248	-4.4576	-10.4948
709.4	63.87638	-4.658	-10.6166
709.5	63.89028	-4.672	-10.6134
709.6	63.90419	-4.6766	-10.5234
709.7	63.91812	-4.6248	-10.5396
709.8	63.93205	-4.8734	-10.6424
709.9	63.94599	-5.2622	-10.7368
710	63.95994	-5.1968	-10.6554
710.1	63.9739	-5.1476	-10.6568
710.2	63.98786	-4.73	-10.5924
710.3	64.00182	-4.585	-10.5366
710.4	64.01579	-4.8144	-10.6248
710.5	64.02976	-5.0144	-10.6998
710.6	64.04373	-4.975	-10.7294
710.7	64.0577	-4.7404	-10.6096
710.8	64.07167	-4.688	-10.6836
710.9	64.08564	-4.8848	-10.8928
711	64.09961	-5.4822	-11.3578
711.1	64.11357	-5.5754	-11.298
711.2	64.12753	-5.8148	-11.5126
711.3	64.14148	-5.6428	-11.3788
711.4	64.15543	-5.4478	-11.236
711.5	64.16937	-5.3878	-11.2246
711.6	64.1833	-5.2584	-11.1596
711.7	64.19722	-5.2922	-11.2494
711.8	64.21113	-5.3448	-11.479
711.9	64.22504	-5.313	-11.4062
712	64.23894	-5.1776	-11.165
712.1	64.25284	-5.0888	-11.0616
712.2	64.26673	-5.139	-11.1
712.3	64.28062	-5.2508	-11.1192
712.4	64.2945	-5.0362	-11.0342
712.5	64.30838	-5.0522	-11.053
712.6	64.32225	-5.148	-11.092
712.7	64.33613	-5.1398	-11.0482
712.8	64.35	-5.1076	-11.1818
712.9	64.36387	-5.292	-11.1098
713	64.37774	-5.4156	-11.1892
713.1	64.39161	-5.4398	-11.1512
713.2	64.40548	-5.7114	-11.3248
713.3	64.41934	-5.878	-11.3114
713.4	64.43322	-6.2728	-11.6744
713.5	64.44709	-6.4006	-11.6214
713.6	64.46096	-6.4286	-11.7636
713.7	64.47484	-6.3542	-11.591
713.8	64.48873	-6.1712	-11.628
713.9	64.50262	-5.9288	-11.3264
714	64.51652	-6.0878	-11.602
714.1	64.53043	-6.1948	-11.65
714.2	64.54435	-6.3158	-11.823
714.3	64.55828	-6.432	-11.831
714.4	64.57223	-6.7504	-11.9434
714.5	64.58619	-6.823	-11.821
714.6	64.60017	-6.7392	-11.9144
714.7	64.61417	-6.7066	-11.83
714.8	64.62818	-6.695	-11.772
714.9	64.64222	-6.6574	-11.7982
715	64.65628	-6.4884	-11.9504
715.1	64.67036	-6.5576	-11.8342
715.2	64.68447	-6.4712	-11.7892
715.3	64.69861	-6.536	-11.766
715.4	64.71277	-6.5294	-11.6408
715.5	64.72697	-6.569	-11.656
715.6	64.74119	-6.6828	-11.7354
715.7	64.75545	-6.6978	-11.6954
715.8	64.76973	-6.6104	-11.865
715.9	64.78404	-6.6268	-11.8276
716	64.79838	-6.5544	-11.8312
716.1	64.81274	-6.5216	-11.8184
716.2	64.82713	-6.6046	-11.8468
716.3	64.84154	-6.6588	-11.8882
716.4	64.85598	-6.711	-12.015
716.5	64.87043	-6.6926	-11.9374
716.6	64.88491	-6.7262	-11.9278
716.7	64.8994	-6.7538	-11.8704
716.8	64.91391	-6.6604	-11.8396
716.9	64.92844	-6.5404	-11.9276
717	64.94299	-6.4546	-11.8912
717.1	64.95755	-6.4256	-11.9656
717.2	64.97212	-6.3712	-11.9052
717.3	64.98671	-6.3008	-11.8838
717.4	65.00131	-5.9412	-11.9126
717.5	65.01592	-5.725	-11.8356
717.6	65.03053	-5.3942	-11.8114
717.7	65.04516	-5.4882	-11.8146
717.8	65.05978	-5.4668	-11.8026
717.9	65.07441	-5.5604	-11.724
718	65.08904	-5.8064	-11.7608
718.1	65.10366	-5.7894	-11.725
718.2	65.11827	-5.9508	-11.7774
718.3	65.13288	-6.0602	-11.7174
718.4	65.14747	-6.3076	-11.8254
718.5	65.16204	-6.2924	-11.8342
718.6	65.1766	-6.3994	-11.9156
718.7	65.19113	-6.397	-11.8426
718.8	65.20563	-6.4964	-11.8318
718.9	65.22011	-6.4942	-11.8624
719	65.23456	-6.5394	-11.8282
719.1	65.24898	-6.4742	-11.8576
719.2	65.26336	-6.5642	-11.7844
719.3	65.2777	-6.5862	-11.815
719.4	65.292	-6.7952	-11.9112
719.5	65.30625	-6.8876	-11.8212
719.6	65.32045	-6.8886	-11.681
719.7	65.33462	-6.912	-11.6788
719.8	65.34873	-6.9524	-11.5518
719.9	65.36281	-6.9218	-11.6196
720	65.37685	-6.8954	-11.648
720.1	65.39086	-6.888	-11.6842
720.2	65.40483	-6.8886	-11.6088
720.3	65.41878	-7.0122	-11.6302
720.4	65.4327	-7.0116	-11.6584
720.5	65.44659	-7.0046	-11.764
720.6	65.46046	-7.0354	-11.7324
720.7	65.47431	-6.9816	-11.728
720.8	65.48815	-6.8932	-11.689
720.9	65.50197	-6.8056	-11.7352
721	65.51578	-6.8434	-11.7738
721.1	65.52958	-6.7558	-11.7102
721.2	65.54338	-6.7872	-11.74
721.3	65.55717	-6.7076	-11.8172
721.4	65.57096	-6.663	-11.744
721.5	65.58475	-6.597	-11.7164
721.6	65.59854	-6.6312	-11.7792
721.7	65.61234	-6.512	-11.7212
721.8	65.62615	-6.6084	-11.681
721.9	65.63995	-6.6644	-11.8362
722	65.65376	-6.6564	-11.6988
722.1	65.66757	-6.7278	-11.7718
722.2	65.68138	-6.7256	-11.6904
722.3	65.6952	-6.76	-11.8258
722.4	65.70902	-6.844	-11.7996
722.5	65.72283	-6.9312	-11.8596
722.6	65.73665	-7.0622	-11.8886
722.7	65.75048	-6.9576	-11.8026
722.8	65.7643	-6.9324	-11.7596
722.9	65.77812	-6.9594	-11.7764
723	65.79194	-6.9288	-11.8224
723.1	65.80576	-6.9036	-11.825
723.2	65.81958	-6.8724	-11.704
723.3	65.8334	-6.827	-11.7134
723.4	65.84722	-6.7422	-11.5998
723.5	65.86104	-6.7566	-11.7194
723.6	65.87486	-6.751	-11.69
723.7	65.88869	-6.7366	-11.5688
723.8	65.90253	-6.7878	-11.4526
723.9	65.91641	-6.7922	-11.5638
724	65.93033	-6.8516	-11.6034
724.1	65.94429	-6.9968	-11.5896
724.2	65.95832	-7.1026	-11.628
724.3	65.97242	-7.0628	-11.7256
724.4	65.9866	-7.0388	-11.6148
724.5	66.00087	-7.1232	-11.7004
724.6	66.01524	-7.1526	-11.6276
724.7	66.02973	-7.1496	-11.6044
724.8	66.04434	-7.2192	-11.679
724.9	66.05908	-7.1754	-11.6552
725	66.07397	-7.1576	-11.6846
725.1	66.08902	-7.1926	-11.708
725.2	66.10422	-7.2024	-11.7346
725.3	66.11961	-7.2566	-11.7748
725.4	66.13517	-7.2358	-11.6672
725.5	66.15094	-7.1836	-11.6432
725.6	66.16691	-7.1952	-11.5204
725.7	66.18308	-7.1984	-11.5354
725.8	66.19946	-7.1686	-11.582
725.9	66.21605	-7.162	-11.5542
726	66.23284	-7.1948	-11.4622
726.1	66.24984	-7.2294	-11.5452
726.2	66.26705	-7.2142	-11.542
726.3	66.28446	-7.2308	-11.6462
726.4	66.30207	-7.3004	-11.647
726.5	66.31989	-7.3052	-11.6524
726.6	66.33792	-7.289	-11.6582
726.7	66.35615	-7.0938	-11.5994
726.8	66.37458	-6.8884	-11.6096
726.9	66.39322	-6.7282	-11.555
727	66.41206	-6.6954	-11.5634
727.1	66.43111	-6.671	-11.581
727.2	66.45036	-6.7728	-11.464
727.3	66.46981	-6.7362	-11.4864
727.4	66.48947	-6.675	-11.5916
727.5	66.50933	-6.5676	-11.5494
727.6	66.52939	-6.6782	-11.581
727.7	66.54965	-6.7058	-11.5122
727.8	66.57009	-6.8748	-11.5168
727.9	66.59069	-7	-11.5826
728	66.61146	-6.9778	-11.3658
728.1	66.63237	-7.0092	-11.2276
728.2	66.65342	-7.1162	-11.325
728.3	66.6746	-7.1302	-11.4126
728.4	66.6959	-7.165	-11.4978
728.5	66.7173	-7.1868	-11.6642
728.6	66.73879	-7.1266	-11.615
728.7	66.76036	-7.0416	-11.6534
728.8	66.78201	-7.0568	-11.666
728.9	66.80372	-7.1252	-11.614
729	66.82547	-7.2048	-11.601
729.1	66.84727	-7.1064	-11.5516
729.2	66.86909	-7.1126	-11.4466
729.3	66.89093	-7.1312	-11.3588
729.4	66.91278	-7.1924	-11.2292
729.5	66.93462	-7.1906	-11.3624
729.6	66.95645	-7.1024	-11.3836
729.7	66.97829	-7.106	-11.5278
729.8	67.00016	-7.1096	-11.4286
729.9	67.02207	-7.0128	-11.5168
730	67.04406	-7.0098	-11.5584
730.1	67.06613	-7.0546	-11.5538
730.2	67.08833	-7.1014	-11.4622
730.3	67.11066	-7.0428	-11.4466
730.4	67.13315	-7.13	-11.5022
730.5	67.15582	-7.0614	-11.4598
730.6	67.17869	-7.1112	-11.4452
730.7	67.20179	-7.0472	-11.476
730.8	67.22513	-7.0728	-11.4442
730.9	67.24874	-7.117	-11.4478
731	67.27264	-7.1632	-11.48
731.1	67.29685	-7.0714	-11.528
731.2	67.3214	-7.0542	-11.4704
731.3	67.3463	-7.0666	-11.509
731.4	67.37158	-6.9958	-11.4024
731.5	67.39725	-7.1536	-11.5128
731.6	67.42334	-7.2028	-11.431
731.7	67.44983	-7.1556	-11.4528
731.8	67.47667	-7.1578	-11.4208
731.9	67.50386	-7.1948	-11.4044
732	67.53135	-7.1718	-11.342
732.1	67.55912	-7.2612	-11.2498
732.2	67.58715	-7.2752	-11.278
732.3	67.6154	-7.2516	-11.2572
732.4	67.64385	-7.3618	-11.2322
732.5	67.67247	-7.4078	-11.4184
732.6	67.70123	-7.4488	-11.3534
732.7	67.73011	-7.2934	-11.4248
732.8	67.75906	-7.2986	-11.3962
732.9	67.78808	-7.1002	-11.3828
733	67.81713	-7.0286	-11.3852
733.1	67.84618	-6.7332	-11.4744
733.2	67.8752	-6.7758	-11.5292
733.3	67.90417	-6.7888	-11.4936
733.4	67.93305	-6.8218	-11.4748
733.5	67.96183	-6.7934	-11.3456
733.6	67.99047	-6.8108	-11.4552
733.7	68.01899	-6.76	-11.4822
733.8	68.04738	-6.658	-11.5252
733.9	68.07565	-6.7008	-11.5352
734	68.10382	-6.7104	-11.543
734.1	68.13188	-6.6414	-11.5206
734.2	68.15985	-6.6368	-11.4294
734.3	68.18773	-6.7034	-11.4614
734.4	68.21554	-6.7146	-11.449
734.5	68.24327	-6.785	-11.491
734.6	68.27093	-6.8728	-11.4322
734.7	68.29854	-6.8384	-11.4588
734.8	68.3261	-6.8672	-11.322
734.9	68.35361	-6.9162	-11.3982
735	68.38109	-7.014	-11.4156
735.1	68.40854	-7.0016	-11.3386
735.2	68.43597	-7.0514	-11.3878
735.3	68.46338	-7.1298	-11.4844
735.4	68.49079	-7.1026	-11.3824
735.5	68.51819	-7.1648	-11.4558
735.6	68.54561	-7.1968	-11.3562
735.7	68.57302	-7.1658	-11.4584
735.8	68.60044	-7.3484	-11.2852
735.9	68.62785	-7.4272	-11.3354
736	68.65525	-7.5622	-11.146
736.1	68.68264	-7.7116	-11.2104
736.2	68.71001	-7.6796	-11.1402
736.3	68.73735	-7.7384	-11.1046
736.4	68.76467	-7.6352	-11.148
736.5	68.79196	-7.745	-11.235
736.6	68.81921	-7.6036	-11.1852
736.7	68.84642	-7.6144	-11.2322
736.8	68.87359	-7.664	-11.216
736.9	68.90071	-7.7392	-11.1918
737	68.92777	-7.731	-11.1026
737.1	68.95478	-7.6972	-11.08
737.2	68.98172	-7.748	-11.086
737.3	69.0086	-7.6902	-11.1648
737.4	69.03541	-7.687	-11.0774
737.5	69.06215	-7.6508	-11.0046
737.6	69.08881	-7.722	-11.0158
737.7	69.11539	-7.765	-11.0698
737.8	69.14192	-7.8368	-10.9756
737.9	69.16839	-7.9248	-11.1832
738	69.19482	-7.9476	-10.974
738.1	69.22121	-8.0122	-11.1142
738.2	69.24758	-8.0002	-11.0096
738.3	69.27393	-8.0672	-11.0178
738.4	69.30027	-8.0752	-10.9844
738.5	69.32662	-8.0908	-11.0636
738.6	69.35297	-8.1442	-11.022
738.7	69.37934	-8.2774	-11.028
738.8	69.40573	-8.438	-11.0178
738.9	69.43216	-8.6032	-10.9876
739	69.45864	-8.8094	-11.038
739.1	69.48516	-8.957	-10.9124
739.2	69.51176	-8.9774	-10.7258
739.3	69.53842	-8.7678	-10.949
739.4	69.56516	-8.3562	-11.038
739.5	69.59199	-7.872	-10.996
739.6	69.61891	-7.537	-11.0744
739.7	69.64595	-7.4684	-11.0152
739.8	69.6731	-7.3672	-11.0926
739.9	69.70038	-7.4398	-11.0438
740	69.7278	-7.506	-11.086
740.1	69.75536	-7.523	-11.1356
740.2	69.78309	-7.4708	-11.1642
740.3	69.81098	-7.4202	-11.2716
740.4	69.83905	-7.4528	-11.2992
740.5	69.86732	-7.4622	-11.1034
740.6	69.89578	-7.4332	-11.0382
740.7	69.92445	-7.421	-11.0356
740.8	69.95334	-7.4336	-10.8946
740.9	69.98246	-7.4898	-11.1424
741	70.01183	-7.6124	-11.036
741.1	70.04144	-7.7662	-10.9694
741.2	70.07131	-7.8808	-10.8822
741.3	70.10146	-8.059	-10.9354
741.4	70.13189	-7.9348	-10.7614
741.5	70.16261	-7.9482	-10.8986
741.6	70.19362	-7.9276	-10.7686
741.7	70.22494	-8.2292	-10.584
741.8	70.25656	-8.0592	-10.349
741.9	70.28847	-8.0702	-10.5346
742	70.32067	-8.035	-10.2878
742.1	70.35317	-8.0342	-10.1988
742.2	70.38595	-8.0288	-10.2426
742.3	70.41902	-8.0498	-10.2892
742.4	70.45237	-8.03	-10.1106
742.5	70.48601	-8.0666	-10.1702
742.6	70.51992	-8.1042	-10.0914
742.7	70.55411	-8.1016	-10.102
742.8	70.58858	-8.1404	-10.098
742.9	70.62332	-8.4394	-10.0678
743	70.65833	-8.5138	-10.1004
743.1	70.69361	-8.5978	-10.154
743.2	70.72915	-8.432	-9.883
743.3	70.76496	-8.6542	-9.9428
743.4	70.80103	-8.8504	-9.9024
743.5	70.83736	-9.0972	-9.8364
743.6	70.87393	-9.173	-9.7724
743.7	70.91065	-9.2576	-9.7546
743.8	70.9474	-9.3886	-9.6904
743.9	70.98408	-9.4422	-9.5414
744	71.02057	-9.561	-9.4154
744.1	71.05677	-9.5924	-9.4644
744.2	71.09257	-9.3296	-9.3864
744.3	71.12785	-9.3854	-9.6606
744.4	71.16251	-9.32	-9.4766
744.5	71.19643	-9.3546	-9.7552
744.6	71.22951	-8.8506	-9.6154
744.7	71.26164	-8.9448	-9.6832
744.8	71.2927	-8.3928	-9.815
744.9	71.32258	-7.2718	-10.188
745	71.35118	-6.4914	-10.2548
745.1	71.37838	-6.086	-10.445
745.2	71.40408	-6.1088	-10.355
745.3	71.42816	-5.9062	-10.3638
745.4	71.45052	-5.67	-10.2758
745.5	71.47103	-5.5766	-10.2922
745.6	71.4897	-5.6704	-10.2564
745.7	71.50687	-5.8322	-10.342
745.8	71.523	-6.1516	-10.2002
745.9	71.53855	-6.4832	-10.124
746	71.55396	-6.5066	-10.1074
746.1	71.56969	-6.669	-10.2044
746.2	71.5862	-6.721	-10.04
746.3	71.60393	-6.961	-10.1254
746.4	71.62334	-7.0976	-10.0742
746.5	71.64488	-6.9214	-10.118
746.6	71.66901	-7.3222	-10.2594
746.7	71.69617	-6.9998	-10.2734
746.8	71.72683	-6.689	-10.2194
746.9	71.76143	-6.5396	-10.3428
747	71.80044	-6.3096	-10.2504
747.1	71.84429	-6.284	-10.2174
747.2	71.89345	-6.0288	-10.1996
747.3	71.94837	-6.0186	-10.231
747.4	72.0095	-5.8292	-10.1318
747.5	72.07729	-5.5466	-10.3498
747.6	72.15201	-5.4906	-10.1746
747.7	72.23316	-5.7262	-10.217
747.8	72.32004	-5.5092	-10.195
747.9	72.41196	-5.3512	-10.2132
748	72.50824	-5.4228	-10.1166
748.1	72.60817	-5.859	-10.0992
748.2	72.71108	-6.3542	-9.9256
748.3	72.81626	-6.7606	-9.9572
748.4	72.92302	-6.647	-9.8064
748.5	73.03067	-6.1042	-9.896
748.6	73.13853	-5.8244	-9.8666
748.7	73.2459	-5.6628	-9.887
748.8	73.35208	-5.7206	-9.7756
748.9	73.45639	-5.8766	-9.6824
749	73.55813	-6.1312	-9.523
749.1	73.65662	-6.4734	-9.291
749.2	73.75115	-6.7494	-9.2064
749.3	73.84105	-6.9476	-9.174
749.4	73.92561	-6.9282	-9.1504
749.5	74.00415	-6.773	-9.079
749.6	74.07615	-6.7666	-9.0304
749.7	74.14185	-6.9424	-8.98
749.8	74.20167	-7.0378	-8.791
749.9	74.256	-7.2586	-8.8188
750	74.30528	-7.1562	-8.804
750.1	74.3499	-6.8888	-8.9268
750.2	74.39029	-6.8092	-8.8814
750.3	74.42686	-7.022	-9.0294
750.4	74.46001	-7.4064	-8.9718
750.5	74.49017	-7.7852	-9.0168
750.6	74.51775	-7.5536	-8.9212
750.7	74.54315	-7.1868	-8.9886
750.8	74.5668	-6.8578	-8.8858
750.9	74.58911	-6.5888	-8.8776
751	74.61049	-6.5962	-8.7796
751.1	74.63135	-6.507	-8.7338
751.2	74.6521	-6.5756	-8.737
751.3	74.67317	-6.6804	-8.8278
751.4	74.69496	-6.9174	-8.847
751.5	74.71789	-7.5774	-9.0196
751.6	74.74228	-7.5676	-8.957
751.7	74.76812	-7.6986	-8.9322
751.8	74.79532	-8.0184	-9.0086
751.9	74.82378	-8.4204	-9.1386
752	74.8534	-8.4902	-9.1646
752.1	74.88409	-8.5726	-9.3022
752.2	74.91575	-8.3862	-9.3504
752.3	74.94827	-8.2138	-9.3656
752.4	74.98157	-8.2294	-9.3726
752.5	75.01555	-8.2288	-9.3506
752.6	75.0501	-8.2462	-9.43
752.7	75.08514	-8.3044	-9.5638
752.8	75.12057	-8.284	-9.4264
752.9	75.15629	-8.1864	-9.2946
753	75.19219	-8.091	-9.0546
753.1	75.2282	-8.1232	-9.0926
753.2	75.2642	-8.2738	-9.1468
753.3	75.3001	-8.348	-9.1028
753.4	75.33581	-8.4344	-9.1684
753.5	75.37122	-8.5336	-9.0756
753.6	75.40627	-8.7066	-9.0934
753.7	75.44095	-8.4274	-9.0422
753.8	75.47529	-7.9584	-8.9854
753.9	75.50931	-7.522	-8.9974
754	75.54303	-7.4086	-9.0676
754.1	75.57649	-7.3246	-9.1436
754.2	75.6097	-7.3306	-9.1114
754.3	75.64269	-7.18	-9.191
754.4	75.67547	-7.1636	-9.2232
754.5	75.70809	-7.4312	-9.404
754.6	75.74055	-7.706	-9.5176
754.7	75.77289	-8.3284	-9.7464
754.8	75.80512	-8.6534	-9.9094
754.9	75.83727	-8.6976	-10.0348
755	75.86937	-8.676	-10.0468
755.1	75.90144	-8.5932	-10.0434
755.2	75.9335	-8.601	-9.9352
755.3	75.96557	-8.6298	-9.8602
755.4	75.99769	-8.7606	-9.9894
755.5	76.02987	-8.7916	-9.9698
755.6	76.06213	-8.7478	-9.823
755.7	76.09448	-8.6624	-9.8192
755.8	76.1269	-8.5928	-9.647
755.9	76.15939	-8.6806	-9.8732
756	76.19194	-8.8628	-9.873
756.1	76.22454	-8.9534	-9.8684
756.2	76.2572	-8.955	-9.857
756.3	76.28989	-8.9066	-9.976
756.4	76.32262	-8.841	-9.9462
756.5	76.35538	-8.7982	-9.8852
756.6	76.38817	-8.8734	-9.8006
756.7	76.42096	-8.8506	-9.8354
756.8	76.45377	-8.8426	-9.757
756.9	76.48658	-8.781	-9.8324
757	76.51939	-8.6864	-9.8316
757.1	76.55218	-8.5614	-9.8126
757.2	76.58496	-8.5018	-9.7188
757.3	76.61772	-8.3708	-9.6742
757.4	76.65045	-8.3148	-9.6004
757.5	76.68313	-8.4068	-9.6364
757.6	76.71578	-8.4798	-9.5378
757.7	76.74839	-8.5844	-9.409
757.8	76.78095	-8.837	-9.2228
757.9	76.81348	-8.9708	-9.3292
758	76.84598	-8.935	-9.2442
758.1	76.87844	-8.995	-9.2312
758.2	76.91088	-8.977	-9.2072
758.3	76.94328	-9.0832	-9.2264
758.4	76.97566	-9.1548	-9.1676
758.5	77.00801	-9.179	-9.1892
758.6	77.04034	-9.3152	-9.1122
758.7	77.07265	-9.4372	-9.194
758.8	77.10495	-9.4958	-9.0654
758.9	77.13723	-9.4622	-8.9724
759	77.16949	-9.5546	-8.8434
759.1	77.20175	-9.4814	-8.9224
759.2	77.23399	-9.3848	-8.91
759.3	77.26623	-9.2618	-8.9462
759.4	77.29846	-9.3334	-8.8816
759.5	77.33069	-9.1352	-8.9622
759.6	77.36291	-8.9934	-8.9246
759.7	77.39514	-8.7754	-9.0202
759.8	77.42737	-8.6388	-9.0038
759.9	77.45961	-8.6988	-9.1248
760	77.49186	-8.7144	-8.9668
760.1	77.52411	-8.6438	-8.9764
760.2	77.55637	-8.4528	-8.8328
760.3	77.58864	-8.4218	-8.9302
760.4	77.62093	-8.5242	-8.923
760.5	77.65324	-8.7644	-9.0386
760.6	77.68556	-9.0136	-8.9818
760.7	77.71791	-9.3954	-9.0322
760.8	77.75027	-9.4338	-8.8784
760.9	77.78266	-9.4386	-8.811
761	77.81508	-9.511	-8.835
761.1	77.84752	-9.6782	-8.7764
761.2	77.87999	-9.5686	-8.7882
761.3	77.9125	-9.4396	-8.8054
761.4	77.94503	-9.4868	-8.7046
761.5	77.97761	-9.44	-8.6276
761.6	78.01021	-9.5206	-8.6696
761.7	78.04286	-9.6222	-8.7522
761.8	78.07553	-9.7016	-8.86
761.9	78.10824	-9.6676	-8.6992
762	78.14097	-9.5702	-8.6564
762.1	78.17373	-9.5308	-8.7584
762.2	78.20652	-9.5222	-8.6824
762.3	78.23932	-9.4052	-8.5966
762.4	78.27215	-9.3732	-8.5862
762.5	78.30499	-9.4204	-8.7688
762.6	78.33785	-9.3802	-8.6924
762.7	78.37071	-9.4726	-8.6376
762.8	78.40359	-9.4728	-8.5884
762.9	78.43648	-9.5434	-8.6148
763	78.46937	-9.5706	-8.7026
763.1	78.50227	-9.558	-8.71
763.2	78.53517	-9.4428	-8.641
763.3	78.56806	-9.4846	-8.6824
763.4	78.60095	-9.3714	-8.6838
763.5	78.63384	-9.4782	-8.6968
763.6	78.66672	-9.5122	-8.7116
763.7	78.69959	-9.4658	-8.7552
763.8	78.73246	-9.517	-8.7384
763.9	78.76531	-9.5926	-8.7846
764	78.79816	-9.6232	-8.8158
764.1	78.83099	-9.612	-8.6928
764.2	78.86381	-9.689	-8.7374
764.3	78.89663	-9.719	-8.708
764.4	78.92943	-9.7172	-8.6666
764.5	78.96222	-9.8202	-8.7776
764.6	78.995	-9.703	-8.7322
764.7	79.02777	-9.6976	-8.8314
764.8	79.06052	-9.7416	-8.8492
764.9	79.09326	-9.7962	-8.872
765	79.12598	-9.7676	-8.8508
765.1	79.1587	-9.7578	-8.8784
765.2	79.19139	-9.738	-8.7362
765.3	79.22408	-9.7778	-8.7376
765.4	79.25674	-9.8344	-8.7296
765.5	79.28939	-9.854	-8.805
765.6	79.32203	-9.8578	-8.701
765.7	79.35465	-9.8342	-8.6708
765.8	79.38725	-9.8492	-8.6952
765.9	79.41984	-9.8984	-8.728
766	79.45242	-9.8028	-8.7274
766.1	79.485	-9.7064	-8.7508
766.2	79.51756	-9.7262	-8.7606
766.3	79.55011	-9.6838	-8.7642
766.4	79.58266	-9.6572	-8.8108
766.5	79.6152	-9.6692	-8.7538
766.6	79.64774	-9.631	-8.716
766.7	79.68028	-9.668	-8.8508
766.8	79.71281	-9.6538	-8.78
766.9	79.74535	-9.6098	-8.8012
767	79.77788	-9.6578	-8.7614
767.1	79.81042	-9.7414	-8.8486
767.2	79.84296	-9.7602	-8.7726
767.3	79.87551	-9.8	-8.8048
767.4	79.90806	-9.86	-8.875
767.5	79.94062	-9.8306	-8.9032
767.6	79.97319	-9.7698	-8.8448
767.7	80.00577	-9.746	-8.9116
767.8	80.03835	-9.6726	-8.9094
767.9	80.07094	-9.6822	-8.9174
768	80.10353	-9.6904	-8.9254
768.1	80.13613	-9.6326	-8.8976
768.2	80.16872	-9.6354	-8.9176
768.3	80.20132	-9.4822	-8.818
768.4	80.23392	-9.5038	-8.9038
768.5	80.26651	-9.5708	-8.8672
768.6	80.29911	-9.569	-8.8528
768.7	80.3317	-9.532	-8.9492
768.8	80.36428	-9.5556	-8.8608
768.9	80.39686	-9.6378	-8.7862
769	80.42943	-9.6824	-8.8072
769.1	80.462	-9.7066	-8.863
769.2	80.49455	-9.7028	-8.7246
769.3	80.52709	-9.7088	-8.8474
769.4	80.55963	-9.6994	-8.7698
769.5	80.59215	-9.6464	-8.8642
769.6	80.62465	-9.6146	-8.7836
769.7	80.65714	-9.6044	-8.9718
769.8	80.68962	-9.584	-8.8848
769.9	80.72209	-9.546	-8.8872
770	80.75454	-9.594	-8.8782
770.1	80.78698	-9.5278	-8.8616
770.2	80.81941	-9.6028	-8.7612
770.3	80.85182	-9.6814	-8.8724
770.4	80.88423	-9.6572	-8.8364
770.5	80.91662	-9.6454	-8.8654
770.6	80.94899	-9.6758	-8.856
770.7	80.98136	-9.5872	-8.8974
770.8	81.01372	-9.5156	-8.8138
792	160.1041	-6.346	-11.285
792.5	160.1497	-6.046	-11.14
793	160.1949	-5.219	-10.34
793.5	160.2403	-5.921	-11.331
794	160.2863	-5.574	-11.131
794.5	160.3334	-5.724	-11.16
795	160.3812	-5.873	-11.269
795.5	160.4294	-5.821	-11.203
796	160.4775	-6.217	-11.218
796.5	160.5252	-6.262	-11.39
797	160.5726	-6.121	-11.384
797.5	160.6198	-6.062	-11.199
798	160.667	-6.431	-11.548
798.5	160.7142	-6.741	-11.86
799	160.7616	-6.674	-11.878
799.5	160.8089	-6.666	-11.981
800	160.8561	-6.612	-11.896
800.5	160.9033	-6.593	-11.901
801	160.9507	-6.509	-11.929
801.5	160.9983	-6.396	-12.004
802	161.0463	-6.427	-11.988
802.5	161.095	-6.558	-11.953
803	161.1439	-6.564	-11.949
803.5	161.1926	-6.702	-11.945
804	161.2405	-6.316	-11.825
804.5	161.2875	-5.743	-11.544
805	161.3337	-6.357	-11.888
805.5	161.3796	-6.324	-11.828
806	161.4258	-6.232	-11.746
806.5	161.4724	-6.174	-11.691
807	161.5193	-6.866	-11.882
807.5	161.5664	-6.959	-11.965
808	161.6135	-6.705	-11.961
808.5	161.6602	-6.523	-11.732
809	161.7069	-6.634	-11.734
809.5	161.7539	-6.572	-11.626
810	161.8013	-6.693	-11.525
810.5	161.8493	-6.921	-11.61
811	161.8978	-7.12	-11.872
811.5	161.9467	-6.767	-11.992
812	161.9955	-6.149	-11.88
812.5	162.0442	-5.972	-11.621
813	162.0926	-5.852	-11.512
813.5	162.1406	-5.845	-11.648
814	162.1882	-5.769	-11.668
814.5	162.2354	-5.647	-11.406
815	162.2823	-5.975	-11.629
815.5	162.3292	-6.089	-11.713
816	162.3762	-6.211	-11.575
816.5	162.4236	-5.991	-11.417
817	162.4712	-5.423	-11.168
817.5	162.5188	-5.519	-11.145
818	162.5663	-5.74	-11.167
818.5	162.6135	-5.934	-11.403
819	162.6606	-6.19	-11.577
819.5	162.7076	-6.284	-11.468
820	162.7549	-6.208	-11.589
820.5	162.8025	-6.029	-11.531
821	162.8502	-5.804	-11.481
821.5	162.8978	-5.827	-11.542
822	162.9451	-5.833	-11.433
822.5	162.9918	-5.981	-11.515
823	163.0383	-5.511	-11.228
823.5	163.0849	-5.604	-11.378
824	163.1319	-5.457	-11.351
824.5	163.1796	-5.668	-11.375
825	163.2277	-5.951	-11.56
825.5	163.2757	-6.12	-11.383
826	163.3234	-5.995	-11.204
826.5	163.3703	-5.741	-11.045
827	163.4167	-6.404	-11.389
827.5	163.463	-6.704	-11.466
828	163.5096	-7.01	-11.472
828.5	163.5568	-7.357	-11.717
829	163.6041	-7.203	-11.674
829.5	163.6514	-7.192	-11.571
830	163.6981	-7.157	-11.463
830.5	163.7442	-7.35	-11.544
831	163.79	-7.615	-11.4
831.5	163.8364	-7.854	-11.306
832	163.8839	-7.788	-11.088
832.5	163.933	-7.957	-11.134
833	163.9832	-8	-11.005
833.5	164.0335	-7.964	-11.183
834	164.0833	-7.735	-11.063
834.5	164.1317	-8.133	-11.228
835	164.1792	-8.129	-11.089
835.5	164.2261	-8.451	-11.194
836	164.2729	-8.413	-11.093
836.5	164.32	-8.679	-10.904
837	164.3673	-8.323	-10.964
837.5	164.4146	-8.082	-11.068
838	164.4618	-7.894	-10.694
838.5	164.5088	-8.038	-10.769
839	164.5557	-7.88	-10.743
839.5	164.6024	-7.885	-10.909
840	164.6492	-7.607	-10.955
840.5	164.696	-7.621	-10.936
841	164.7428	-7.04	-11.26
841.5	164.7897	-7.173	-11.606
842	164.8365	-7.167	-11.457
842.5	164.8833	-7.286	-11.419
843	164.93	-6.93	-11.32
843.5	164.9769	-6.828	-11.312
844	165.0239	-6.722	-11.119
844.5	165.0711	-6.578	-11.408
845	165.1183	-6.594	-11.448
845.5	165.1654	-6.294	-11.432
846	165.2122	-6.459	-11.584
846.5	165.2585	-6.621	-11.483
847	165.3048	-6.758	-11.447
847.5	165.3515	-6.748	-11.624
848	165.399	-6.717	-11.579
848.5	165.4477	-6.814	-11.671
849	165.4969	-6.496	-11.585
849.5	165.5463	-6.401	-11.564
850	165.5951	-6.129	-11.228
850.5	165.6429	-6.209	-11.642
851	165.69	-6.425	-11.727
851.5	165.7369	-6.328	-11.663
852	165.784	-6.525	-11.717
852.5	165.8316	-6.54	-11.787
853	165.8796	-6.776	-11.791
853.5	165.9278	-6.62	-11.619
854	165.976	-6.415	-11.185
854.5	166.0239	-6.785	-11.479
855	166.0717	-6.853	-11.86
855.5	166.1196	-6.799	-11.913
856	166.1675	-6.939	-11.901
856.5	166.2157	-6.967	-11.917
857	166.2639	-7.018	-11.844
857.5	166.3119	-7.03	-11.894
858	166.3595	-7.031	-11.894
858.5	166.4066	-7.158	-11.746
859	166.4534	-7.227	-11.833
859.5	166.5003	-7.023	-11.829
860	166.5475	-7.079	-11.625
860.5	166.5953	-7.269	-12.35
861	166.6435	-7.22	-12.24
861.5	166.6919	-7.635	-12.32
862	166.7402	-7.666	-12.22
862.5	166.7881	-7.518	-12.04
863	166.8357	-7.66	-12.08
863.5	166.8833	-7.55	-11.9
864	166.9312	-7.774	-11.91
864.5	166.9794	-7.812	-11.91
865	167.0279	-7.728	-11.93
865.5	167.0766	-7.444	-11.93
866	167.1255	-7.448	-11.81
866.5	167.1745	-7.543	-11.77
867	167.2235	-7.571	-11.66
867.5	167.2722	-7.931	-11.65
868	167.3205	-7.982	-11.74
868.5	167.3684	-7.959	-11.93
869	167.4164	-7.824	-12.07
869.5	167.4649	-7.664	-12.02
870	167.5144	-7.79	-11.52
871	167.6173	-8.2	-11.16
872	167.722	-7.9	-11.43
873	167.8247	-7.76	-11.45
874	167.9261	-8.11	-11.33
875	168.0276	-7.94	-11.21
876	168.1307	-7.72	-11.44
877	168.2363	-7.62	-11.46
878	168.3414	-7.73	-11.38
879	168.4436	-8.18	-11.35
880	168.5443	-8.5	-11.28
881	168.6456	-8.6	-11.1
882	168.7469	-8.54	-11.11
883	168.8474	-8.31	-11.03
884	168.9477	-8.98	-11.23
885	169.0482	-8.38	-11.65
886	169.1478	-8.81	-11.63
887	169.2453	-9.2	-11.59
888	169.3405	-8.33	-11.78
889	169.434	-8.47	-11.91
890	169.527	-7.64	-13.09
891	169.6205	-6.96	-13.22
892	169.7147	-6.98	-13.13
893	169.8092	-6.89	-13.33
894	169.9027	-6.19	-12.95
895	169.9942	-6.44	-13.05
896	170.0856	-6.49	-13.24
897	170.1784	-7.34	-13.66
898	170.2711	-7.64	-13.64
899	170.3623	-8.29	-13.48
900	170.4537	-7.09	-13.22
901	170.5469	-7.54	-14.24
902	170.6398	-7.23	-14.52
903	170.7301	-7.46	-14.87
904	170.8202	-7.35	-14.89
905	170.9123	-8.17	-14.79
906	171.0046	-7.94	-14.97
907	171.095	-6.33	-15.32
908	171.1856	-6.03	-15.33
909	171.2786	-6.93	-15.88
910	171.3738	-6.31	-15.82
910.5	171.4219	-7	-16.07
911	171.4702	-6.86	-15.97
911.5	171.5186	-5.36	-15.46
912	171.567	-5.45	-15.38
912.5	171.6152	-5.47	-15.47
913	171.663	-5.88	-15.63
913.5	171.7104	-6.16	-15.54
914	171.757	-5.99	-15.33
914.5	171.8029	-6.2	-15.51
915	171.8481	-6.8	-15.9
915.5	171.8929	-7.44	-16.07
916	171.9376	-7.54	-16.25
916.5	171.9823	-7.64	-16.19
917	172.0273	-7.37	-15.71
917.5	172.0727	-7.63	-15.77
918	172.1185	-8.17	-15.88
918.5	172.1649	-8.44	-16.01
919	172.2114	-8.88	-15.95
919.5	172.2573	-8.44	-15.8
920	172.3021	-7.97	-15.69
920.5	172.3454	-7.5	-15.43
921	172.3878	-8.59	-15.89
921.5	172.4302	-8.38	-15.88
922	172.4734	-7.87	-15.48
922.5	172.518	-7.7	-15.29
923	172.5634	-7.75	-15.53
923.5	172.6088	-7.88	-15.17
924	172.6533	-8.13	-15.68
924.5	172.6964	-8.65	-15.95
925	172.7386	-8.04	-15.85
925.5	172.7809	-7.79	-15.65
926	172.8242	-7.84	-15.69
926.5	172.869	-8.22	-15.94
927	172.9149	-8.31	-15.96
927.5	172.9611	-8.41	-15.98
928	173.0066	-8.44	-16.21
928.5	173.051	-7.8	-16.19
929	173.0948	-8.06	-16.48
929.5	173.1386	-7.85	-16.64
930	173.1832	-7.04	-16.44
930.5	173.2291	-7.36	-16.36
931	173.2758	-8.14	-16.31
931.5	173.3228	-7.89	-16.17
932	173.3694	-7.18	-16.37
932.5	173.4151	-6.66	-16.39
933	173.46	-6.4	-16.31
933.5	173.5045	-6.23	-16.43
934	173.5487	-6.68	-16.31
934.5	173.5929	-6.7	-16.41
935	173.637	-6.24	-16.57
935.5	173.6808	-5.97	-16.8
936	173.7242	-6	-16.82
936.5	173.7669	-6.73	-16.93
937	173.8091	-6.82	-17.07
937.5	173.851	-6.33	-16.95
938	173.8927	-6.24	-16.95
938.5	173.9343	-6.51	-17.05
939	173.976	-6.53	-16.95
939.5	174.0179	-6.67	-17.13
940	174.0601	-6.72	-17.17
940.5	174.1027	-6.73	-17.04
941	174.1454	-6.84	-17.06
941.5	174.188	-6.67	-17.08
942	174.2303	-6.33	-17.11
942.5	174.2721	-6.52	-17.06
943	174.3136	-6.31	-16.92
943.5	174.3549	-6.64	-17.1
944	174.3962	-6.66	-17.08
944.5	174.4376	-6.83	-17.16
945	174.479	-6.81	-17.12
945.5	174.5202	-6.71	-17
946	174.5609	-6.76	-17.12
946.5	174.6009	-6.82	-17.08
947	174.6404	-6.81	-16.94
947.5	174.6798	-7.07	-16.89
948	174.7194	-7.11	-16.77
948.5	174.7593	-7.04	-16.64
949	174.7994	-7.11	-16.62
949.5	174.8391	-7.39	-16.35
950	174.8782	-6.76	-16.04
950.5	174.9164	-7.07	-16.34
951	174.9539	-7.31	-16.52
951.5	174.9914	-7.38	-16.67
952	175.0291	-7.4	-16.66
952.5	175.0674	-7.44	-16.9
953	175.106	-7.23	-16.81
953.5	175.1446	-7.28	-16.87
954	175.1827	-7.44	-16.98
954.5	175.2201	-7.45	-17
955	175.257	-7.4	-16.89
955.5	175.2938	-7.23	-16.98
956	175.3306	-7.11	-17.31
956.5	175.3679	-6.98	-17.27
957	175.4054	-6.55	-17.13
957.5	175.4429	-6.61	-17.16
958	175.4801	-6.74	-17.24
958.5	175.5168	-6.82	-17.37
959	175.5532	-6.96	-17.32
959.5	175.5896	-7.01	-17.36
960	175.6261	-7.04	-17.17
960.5	175.663	-7.09	-17.22
961	175.7005	-7.29	-17.1
961.5	175.7386	-7.2	-17.18
962	175.7775	-7.16	-17.28
962.5	175.8174	-6.87	-17.31
963	175.8578	-6.6	-17.28
963.5	175.8983	-6.54	-17.37
964	175.9385	-6.68	-17.39
964.5	175.978	-6.83	-17.31
965	176.0171	-6.75	-17.21
965.5	176.0559	-6.42	-17.2
966	176.0949	-6.01	-16.96
966.5	176.1343	-6.02	-16.98
967	176.1741	-6.06	-17.27
967.5	176.2144	-6.31	-17.07
968	176.2553	-6.5	-17.07
968.5	176.2966	-6.25	-17.01
969	176.3382	-6.31	-17.08
969.5	176.3799	-6.34	-16.97
970	176.4213	-6.55	-16.93
970.5	176.4623	-6.51	-16.8
971	176.503	-6.16	-16.7
971.5	176.5437	-6.51	-16.59
972	176.5847	-6.48	-16.48
972.5	176.6261	-6.18	-16.74
973	176.6678	-6.17	-17.09
973.5	176.7097	-5.85	-16.9
974	176.7518	-5.74	-16.91
974.5	176.7938	-5.94	-16.98
975	176.8357	-6.02	-17.07
975.5	176.8774	-6.03	-16.85
976	176.9188	-6.02	-16.86
976.5	176.9599	-5.85	-16.89
977	177.0008	-5.4	-16.82
977.5	177.0417	-5.23	-16.64
978	177.0828	-5.78	-16.83
978.5	177.1243	-5.73	-16.92
979	177.1662	-5.59	-16.64
979.5	177.2082	-5.41	-16.51
980	177.2505	-5.89	-16.62
980.5	177.2928	-5.86	-16.5
981	177.3351	-6.01	-16.69
981.5	177.3773	-5.25	-16.21
982	177.4191	-5.34	-15.95
982.5	177.4604	-5.29	-15.93
983	177.5013	-5.59	-16.09
983.5	177.5421	-5.67	-16.05
984	177.5827	-5.37	-15.88
984.5	177.6233	-5.42	-15.99
985	177.6637	-5.87	-16.15
985.5	177.704	-5.95	-16.04
986	177.744	-6.1	-16
986.5	177.7835	-5.99	-16.01
987	177.823	-6.27	-16.04
987.5	177.8627	-6.32	-15.98
988	177.9029	-6.58	-16.12
988.5	177.944	-6.7	-16.13
989	177.9857	-6.78	-16.07
989.5	178.0278	-6.67	-15.9
990	178.07	-6.5	-15.89
990.5	178.1123	-6.3	-15.88
991	178.1545	-6.7	-16.01
991.5	178.1969	-6.96	-16.16
992	178.2395	-7.12	-16.1
992.5	178.2825	-7.03	-15.98
993	178.3256	-7.44	-16.05
993.5	178.3684	-6.9	-16.1
994	178.4108	-7.37	-16.08
994.5	178.4524	-7.52	-16
995	178.4936	-7.86	-16.1
995.5	178.5346	-7.8	-16.08
996	178.5758	-7.57	-16.27
996.5	178.6175	-7.53	-16.3
997	178.6595	-7.33	-16.12
997.5	178.7019	-7.13	-16.03
998	178.7444	-7.42	-16.11
998.5	178.787	-7.45	-16.02
999	178.8294	-7.81	-16.08
999.5	178.8714	-8.07	-16.06
1000	178.9129	-8.28	-16.24
1000.5	178.9538	-8.47	-16.46
1001	178.9944	-8.51	-16.01
1001.5	179.035	-8.65	-15.92
1002	179.0763	-8.47	-15.84
1002.5	179.1183	-8.86	-15.75
1003	179.1609	-8.73	-15.52
1003.5	179.2035	-8.86	-15.41
1004	179.2459	-9.05	-15.2
1004.5	179.2876	-9.09	-15.08
1005	179.3288	-9.05	-15.06
1005.5	179.3698	-9.03	-15.14
1006	179.4108	-9.1	-15.01
1006.5	179.4522	-9.07	-15.09
1007	179.4937	-8.92	-15.08
1007.5	179.5355	-8.95	-14.9
1008	179.5773	-9.04	-15.23
1008.5	179.6191	-8.64	-15.15
1009	179.6609	-7.49	-15.28
1009.5	179.6868	-7.18	-15.42
1010	179.7074	-7.18	-15.44
1010.5	179.728	-7.03	-15.45
1011	179.7484	-7.24	-15.33
1011.5	179.7687	-7.34	-15.3
1012	179.7889	-7.33	-15.12
1012.5	179.8091	-7.23	-14.93
1013	179.8294	-7.31	-14.97
1013.5	179.8499	-8.34	-14.94
1014	179.8707	-9.03	-14.71
1014.5	179.8918	-9.72	-14.48
1015	179.9131	-8.69	-14.84
1015.5	179.9344	-8.58	-14.58
1016	179.9556	-8.24	-14.57
1016.5	179.9765	-8.47	-14.63
1017	179.9971	-7.88	-14.43
1017.5	180.0175	-7.17	-14.68
1018	180.0379	-7.02	-14.74
1018.5	180.0582	-8.81	-14.35
1019	180.0786	-7.04	-14.94
1019.5	180.099	-6.89	-14.86
1020	180.1195	-6.71	-15.34
1020.5	180.1398	-6.94	-14.86
1021	180.16	-6.81	-14.83
1021.5	180.1799	-6.78	-14.82
1022	180.1994	-6.83	-14.85
1022.5	180.2183	-6.85	-14.81
1023	180.2368	-6.81	-14.53
1023.5	180.2551	-6.68	-14.59
1024	180.2736	-6.71	-14.6
1024.5	180.2922	-6.69	-14.57
1025	180.3107	-6.58	-14.56
1025.5	180.3284	-6.63	-14.77
1026	180.345	-6.59	-14.61
1026.5	180.36	-6.71	-14.59
1027	180.3734	-6.54	-14.34
1027.5	180.3853	-6.25	-14
1028	180.3957	-6.24	-14.19
1028.5	180.4048	-6.33	-14.26
1029	180.4127	-6.3	-14.23
1029.5	180.4197	-6.47	-14.23
1030	180.426	-6.48	-14.36
1030.5	180.4317	-6.32	-14.15
1031	180.4365	-6.38	-14.06
1031.5	180.4399	-6.79	-13.96
1032	180.4414	-6.87	-14.16
1032.5	180.4424	-7.04	-14.12
1033	180.4433	-7.15	-14
1033.5	180.4442	-7.51	-13.94
1034	180.4452	-7.32	-14
1034.5	180.4461	-7.14	-14.06
1035	180.4471	-6.84	-13.89
1035.5	180.448	-6.72	-13.81
1036	180.449	-6.61	-13.69
1036.5	180.4499	-7.13	-13.57
1037	180.4508	-7.1	-13.88
1037.5	180.4518	-6.69	-13.81
1038	180.4527	-6.7	-13.85
1038.5	180.4537	-6.57	-13.78
1039	180.4546	-6.68	-13.68
1039.5	180.4987	-6.85	-13.59
1040	180.5497	-7.34	-13.47
1040.5	180.5888	-7.52	-13.54
1041	180.617	-7.15	-13.55
1041.5	180.6408	-7.18	-13.74
1042	180.6662	-7.21	-13.94
1042.5	180.6981	-7.27	-13.71
1043	180.7355	-7.31	-13.58
1043.5	180.7759	-7.11	-13.6
1044	180.8168	-7.29	-13.39
1044.5	180.8562	-7.71	-13.35
1045	180.8945	-7.79	-13.35
1045.5	180.9324	-7.66	-13.45
1046	180.9709	-7.53	-13.54
1046.5	181.0106	-7.06	-13.26
1047	181.0513	-7.01	-13.11
1047.5	181.0926	-7.21	-13.11
1048	181.134	-7.56	-13.18
1048.5	181.1751	-7.44	-13.07
1049	181.2207	-7.28	-13.09
1049.5	181.303	-7.18	-13.04
1050	181.3859	-7.48	-13.13
1050.5	181.4695	-7.34	-13.13
1051	181.5537	-7.41	-13.04
1051.5	181.6381	-7.45	-13.25
1052	181.7225	-7.49	-13.07
1052.5	181.8065	-7.53	-13.1
1053	181.8902	-7.51	-13.16
1053.5	181.9736	-7.49	-13.08
1054	182.0567	-7.51	-12.96
1054.5	182.1397	-7.65	-12.96
1055	182.2226	-7.86	-13.02
1055.5	182.3055	-7.94	-12.95
1056	182.3887	-8.25	-13.05
1056.5	182.4721	-8.22	-13.02
1057	182.5559	-8.54	-12.9
1057.5	182.64	-8.44	-12.87
1058	182.7244	-8.43	-12.79
1058.5	182.8091	-8.23	-12.84
1059	182.8938	-8.33	-12.88
1059.5	182.9782	-8.37	-12.84
1060	183.062	-8.24	-12.86
1060.5	183.145	-8.2	-12.8
1061	183.2272	-7.97	-12.61
1061.5	183.3088	-7.93	-12.63
1062	183.3901	-8.01	-12.63
1062.5	183.4713	-7.79	-12.58
1063	183.5525	-7.74	-12.49
1063.5	183.6339	-7.85	-12.41
1064	183.7157	-7.92	-12.25
1064.5	183.7981	-8.11	-12.27
1065	183.8808	-8.28	-12.35
1065.5	183.9636	-8.35	-12.33
1066	184.0461	-8.38	-12.23
1066.5	184.1283	-8.4	-12.27
1067	184.2103	-8.15	-12.29
1067.5	184.2927	-8.12	-12.19
1068	184.3757	-8.12	-12.22
1068.5	184.4597	-8.13	-12.36
1069	184.5444	-8.22	-12
1069.5	184.6291	-8.18	-11.84
1070	184.7136	-8.34	-11.7
1070.5	184.7972	-8.23	-11.63
1071	184.8802	-8.5	-11.83
1071.5	184.9624	-8.37	-11.87
1072	185.0441	-8.85	-11.88
1072.5	185.1254	-7.77	-11.78
1073	185.2065	-7.9	-11.42
1073.5	185.2879	-8.1	-11.41
1074	185.37	-8.09	-11.45
1074.5	185.453	-8.19	-11.45
1075	185.5367	-8.58	-11.42
1075.5	185.6206	-9.14	-11.47
1076	185.7045	-9.12	-11.2
1076.5	185.7881	-9.26	-11.27
1077	185.8713	-9.14	-11.28
1077.5	185.9542	-8.54	-11.41
1078	186.0367	-7.92	-11.34
1078.5	186.1189	-7.45	-11.3
1079	186.2011	-7.49	-11.29
1079.5	186.2834	-7.63	-11.29
1080	186.3661	-8.24	-11.34
1080.5	186.4494	-8.42	-11.36
1081	186.5331	-8.82	-11.24
1081.5	186.6171	-9	-11.31
1082	186.7013	-9.07	-11.19
1082.5	186.7855	-9.46	-11.05
1083	186.8694	-9.63	-11.02
1083.5	186.953	-9.41	-11.03
1084	187.0359	-9.24	-11.12
1084.5	187.118	-9.3	-11.12
1085	187.1996	-9.26	-10.98
1085.5	187.2807	-9.29	-10.97
1086	187.3617	-9.02	-10.83
1086.5	187.4427	-9.18	-10.59
1087	187.5238	-8.88	-10.52
1087.5	187.6054	-9.43	-10.32
1088	187.6875	-9.37	-10.35
1088.5	187.7702	-9.42	-10.66
1089	187.8534	-9.21	-10.78
1089.5	187.9367	-8.81	-10.67
1090	188.0199	-8.63	-10.48
1090.5	188.1027	-8.67	-10.49
1091	188.1852	-8.56	-10.43
1091.5	188.2677	-9.21	-10.14
1092	188.3503	-9.61	-10.11
1092.5	188.4331	-9.69	-10.05
1093	188.516	-9.6	-9.95
1093.5	188.5987	-9.76	-9.93
1094	188.6811	-9.75	-9.78
1094.5	188.7629	-9.76	-9.78
1095	188.8443	-9.76	-9.79
1095.5	188.9253	-9.76	-9.57
1096	189.0062	-9.88	-9.42
1096.5	189.087	-9.93	-8.97
1097	189.1678	-10.04	-8.83
1097.5	189.2485	-9.92	-8.81
1098	189.329	-9.9	-8.88
1098.5	189.4094	-9.77	-8.81
1099	189.4893	-9.85	-8.82
1099.5	189.5685	-9.96	-8.79
1100	189.6467	-9.95	-8.76
1100.5	189.7236	-10.02	-8.84
1101	189.8001	-9.96	-8.82
1101.5	189.8771	-9.92	-8.81
1102	189.9554	-10.05	-8.84
1102.5	190.0357	-10.34	-8.93
1103	190.1171	-10.43	-8.92
1103.5	190.1988	-10.41	-8.89
1104	190.2796	-10.57	-8.93
1104.5	190.3589	-10.64	-9.16
1105	190.4371	-10.5	-9.17
1105.5	190.515	-10.34	-9.36
1106	190.5935	-10.09	-9.66
1106.5	190.6731	-9.75	-9.82
1107	190.7536	-9.26	-10.18
1107.5	190.8344	-9.26	-10.21
1108	190.9152	-8.97	-10.27
1108.5	190.9955	-8.81	-10.27
1109	191.0755	-8.96	-10.2
1109.5	191.1555	-8.95	-10.36
1110	191.2358	-8.72	-10.46
1110.5	191.3166	-8.79	-10.39
1111	191.3981	-8.9	-10.28
1111.5	191.4802	-8.9	-10.36
1112	191.5631	-8.93	-10.39
1112.5	191.6465	-9.01	-10.39
1113	191.7302	-9.43	-10.29
1113.5	191.8134	-9.43	-10.37
1114	191.8958	-9.22	-10.39
1114.5	191.977	-9.04	-10.34
1115	192.0574	-9.16	-10.21
1115.5	192.1379	-9.01	-10.1
1116	192.2191	-8.94	-10.02
1116.5	192.3016	-9.16	-9.86
1117	192.385	-9.2	-9.87
1117.5	192.4687	-9.12	-9.89
1118	192.5522	-8.79	-9.58
1118.5	192.6349	-8.65	-9.64
1119	192.7168	-8.93	-9.82
1119.5	192.7979	-9.21	-10
1120	192.8782	-9.24	-9.79
1120.5	192.9579	-9.14	-9.63
1121	193.0372	-9.1	-9.63
1121.5	193.1167	-8.94	-9.41
1122	193.1968	-8.98	-9.44
1122.5	193.2778	-9.01	-9.38
1123	193.3595	-9.06	-9.82
1123.5	193.4415	-9.11	-9.36
1124	193.5234	-9.38	-9.06
1124.5	193.6049	-9.77	-8.77
1125	193.6861	-10.1	-8.82
1125.5	193.7669	-10.22	-8.73
1126	193.8476	-10.25	-8.8
1126.5	193.928	-10.29	-8.78
1127	194.0083	-10.32	-8.74
1127.5	194.0881	-10.15	-8.68
1128	194.1675	-10.25	-8.78
1128.5	194.2464	-10.23	-8.89
1129	194.3251	-10.17	-8.76
1129.5	194.4042	-10.1	-8.78
1130	194.4842	-10.12	-8.72
1130.5	194.5653	-9.93	-8.7
1131	194.6469	-9.71	-8.59
1131.5	194.7281	-9.44	-8.52
1132	194.808	-9.49	-8.53
1132.5	194.886	-9.59	-8.66
1133	194.9629	-9.53	-8.65
1133.5	195.0397	-9.69	-8.9
1134	195.1176	-9.74	-9.12
1134.5	195.1973	-9.74	-9.17
1135	195.279	-9.58	-8.54
1135.5	195.3623	-9.84	-8.61
1136	195.447	-9.96	-8.98
1136.5	195.5328	-9.88	-9.18
1137	195.6184	-9.83	-9.19
1137.5	195.7023	-10.13	-9.3
1138	195.7832	-9.76	-9.35
1138.5	195.86	-9.67	-9.29
1139	195.9344	-9.67	-9.25
1139.5	196.0082	-9.31	-9.23
1140	196.0726	-9.33	-9.17
1140.5	196.1117	-9.62	-9.2
1141	196.1513	-9.27	-9.13
1141.5	196.1901	-9.4	-9.29
1142	196.2271	-9.24	-9.44
1142.5	196.2611	-9.43	-9.39
1143	196.2925	-9.49	-9.35
1143.5	196.3219	-9.42	-9.35
1144	196.3498	-9.45	-9.39
1144.5	196.3766	-9.68	-9.02
1145	196.4026	-9.86	-9
1145.5	196.4278	-9.91	-8.98
1146	196.4523	-9.64	-9.02
1146.5	196.4744	-9.38	-9.07
1147	196.4854	-9.24	-8.45
1147.5	196.4863	-9.54	-8.57
1148	196.4872	-9.63	-8.46
1148.5	196.4881	-9.53	-8.45
1149	196.4889	-9.55	-8.47
1149.5	196.4898	-9.27	-8.29
1150	196.4907	-9.53	-8.26
1150.5	196.4915	-9.59	-8.46
1151	196.4924	-9.56	-8.37
1151.5	196.5194	-9.66	-8.37
1152	196.5522	-9.7	-8.39
1152.5	196.5794	-9.64	-8.31
1153	196.6012	-9.47	-8.35
1153.5	196.6208	-9.56	-8.23
1154	196.6414	-9.6	-8.27
1154.5	196.6654	-9.52	-8.3
1155	196.6925	-9.44	-8.18
1155.5	196.7215	-9.4	-8.2
1156	196.7513	-9.46	-8.26
1156.5	196.7811	-9.57	-8.26
1157	196.8108	-9.58	-8.28
1157.5	196.8406	-9.46	-8.31
1158	196.8704	-9.45	-8.3
1158.5	196.9005	-9.41	-8.41
1159	196.9522	-9.64	-8.33
1159.5	197.0128	-9.22	-8.28
1160	197.0735	-9.33	-8.37
1160.5	197.1341	-9.38	-8.36
1161	197.1946	-9.5	-8.28
1161.5	197.2551	-9.58	-8.52
1162	197.3155	-9.58	-8.62
1162.5	197.376	-9.51	-8.43
1163	197.4364	-9.67	-8.5
1163.5	197.4966	-9.74	-8.47
1164	197.5566	-9.71	-8.58
1164.5	197.6162	-9.68	-8.48
1165	197.6756	-9.69	-8.44
1165.5	197.7348	-9.69	-8.51
1166	197.794	-9.65	-8.55
1166.5	197.8533	-9.6	-8.44
1167	197.9129	-9.59	-8.5
1167.5	197.9729	-9.62	-8.62
1168	198.0336	-9.53	-8.41
1168.5	198.095	-9.54	-8.66
1169	198.157	-9.49	-8.74
1169.5	198.2194	-9.45	-8.81
1170	198.2818	-9.21	-8.63
1170.5	198.3441	-8.96	-8.65
1171	198.4062	-9.02	-8.85
1171.5	198.4682	-8.93	-8.69
1172	198.5299	-9.08	-8.71
1172.5	198.5914	-9.05	-8.79
1173	198.6526	-9.05	-8.92
1173.5	198.7135	-9.06	-9.05
1174	198.7741	-8.81	-8.61
1174.5	198.8344	-8.89	-8.77
1175	198.8944	-8.91	-8.91
1175.5	198.9542	-8.94	-8.95
1176	199.0139	-9.01	-8.81
1176.5	199.0737	-9.06	-8.76
1177	199.1335	-8.96	-8.9
1177.5	199.1932	-8.86	-9.05
1178	199.253	-8.78	-9.09
1178.5	199.3128	-8.73	-8.87
1179	199.3726	-8.87	-8.64
1179.5	199.4323	-8.81	-8.62
1180	199.4921	-8.46	-8.74
1180.5	199.5519	-8.2	-8.83
1181	199.6118	-8.03	-8.87
1181.5	199.672	-8.51	-8.93
1182	199.7328	-8.54	-8.75
1182.5	199.7941	-8.62	-8.72
1183	199.8559	-8.44	-8.83
1183.5	199.9179	-8.52	-8.8
1184	199.98	-8.7	-8.93
1184.5	200.0419	-8.91	-8.98
1185	200.1037	-8.68	-8.88
1185.5	200.1654	-8.67	-8.86
1186	200.2271	-8.55	-8.75
1186.5	200.2889	-8.62	-8.72
1187	200.3507	-8.56	-8.79
1187.5	200.4125	-8.63	-8.88
1188	200.4743	-8.7	-8.84
1188.5	200.5362	-8.77	-8.89
1189	200.598	-8.74	-8.86
1189.5	200.6598	-8.74	-9.01
1190	200.7215	-8.8	-8.97
1190.5	200.7833	-8.94	-9.08
1191	200.845	-8.88	-9.12
1191.5	200.9068	-9.14	-9.34
1192	200.9687	-9.53	-9.37
1192.5	201.0307	-9.26	-9.59
1193	201.0927	-8.88	-9.61
1193.5	201.1544	-8.85	-9.35
1194	201.2159	-8.67	-9.39
1194.5	201.2769	-8.33	-9.58
1195	201.3375	-8.83	-9.54
1195.5	201.3978	-8.83	-9.85
1196	201.4579	-8.7	-9.87
1196.5	201.5179	-8.67	-9.87
1197	201.5777	-8.85	-9.94
1197.5	201.6375	-8.73	-9.94
1198	201.6973	-8.81	-9.86
1198.5	201.7571	-8.52	-9.92
1199	201.8169	-8.39	-9.79
1199.5	201.8767	-8.36	-9.65
1200	201.9366	-8.2	-9.71
1200.5	201.9965	-8.03	-9.77
1201	202.0563	-8.52	-9.6
1201.5	202.1162	-8.66	-9.42
1202	202.1759	-8.87	-9.46
1202.5	202.2356	-8.75	-9.52
1203	202.2953	-8.72	-9.51
1203.5	202.3552	-8.58	-9.31
1204	202.4153	-9.25	-9.29
1204.5	202.4757	-8.75	-9.25
1205	202.5364	-8.7	-9
1205.5	202.5974	-8.22	-8.79
1206	202.6584	-8.65	-8.65
1206.5	202.7195	-9.09	-8.63
1207	202.7806	-9.17	-8.59
1207.5	202.8414	-9.18	-8.41
1208	202.9019	-9.2	-8.52
1208.5	202.962	-9.2	-8.38
1209	203.0218	-9.44	-8.52
1209.5	203.0814	-9.41	-8.53
1210	203.141	-9.33	-8.41
1210.5	203.2007	-9.16	-8.34
1211	203.2604	-9.11	-8.37
1211.5	203.3202	-9.14	-8.3
1212	203.3801	-9.26	-8.46
1212.5	203.4399	-9.23	-8.28
1213	203.4997	-9.31	-8.33
1213.5	203.5595	-9.1	-8.17
1214	203.6192	-9.24	-8.18
1214.5	203.6787	-9.23	-8.1
1215	203.7384	-9.4	-8.31
1215.5	203.7981	-9.3	-8.31
1216	203.8582	-9.41	-8.27
1216.5	203.9187	-9.4	-8.18
1217	203.9791	-9.43	-7.99
1217.5	204.0388	-9.28	-7.91
1218	204.0973	-9.13	-7.83
1218.5	204.1546	-8.83	-7.96
1219	204.2122	-9.07	-8.01
1219.5	204.2721	-8.97	-7.99
1220	204.3364	-8.85	-7.86
1220.5	204.4062	-8.83	-7.79
1221	204.4784	-8.93	-7.81
1221.5	204.5491	-9.45	-7.92
1222	204.6145	-9.2	-7.64
1222.5	204.6721	-9.08	-7.88
1223	204.7246	-9.07	-7.82
1223.5	204.7764	-9	-7.88
1224	204.8319	-8.78	-7.81
1224.5	204.8956	-8.47	-7.82
1225	204.9734	-8.77	-7.76
1225.5	205.0714	-8.58	-7.65
